P0: 2.083091e+03 0.000000e+00 9.572938e+02 0.000000e+00 0.000000e+00 2.083091e+03 6.505698e+02 0.000000e+00 0.000000e+00 0.000000e+00 1.000000e+00 0.000000e+00
P1: 2.083732e+03 0.000000e+00 9.703176e+02 0.000000e+00 0.000000e+00 2.083732e+03 6.325251e+02 0.000000e+00 0.000000e+00 0.000000e+00 1.000000e+00 0.000000e+00
P2: 2.082233e+03 0.000000e+00 9.554046e+02 0.000000e+00 0.000000e+00 2.082233e+03 6.536989e+02 0.000000e+00 0.000000e+00 0.000000e+00 1.000000e+00 0.000000e+00
P3: 2.076181e+03 0.000000e+00 9.900282e+02 0.000000e+00 0.000000e+00 2.076181e+03 2.414628e+02 0.000000e+00 0.000000e+00 0.000000e+00 1.000000e+00 0.000000e+00
P4: 2.074886e+03 0.000000e+00 1.003997e+03 0.000000e+00 0.000000e+00 2.074886e+03 2.384471e+02 0.000000e+00 0.000000e+00 0.000000e+00 1.000000e+00 0.000000e+00
R0_rect: 1.000000e+00 0.000000e+00 0.000000e+00 0.000000e+00 1.000000e+00 0.000000e+00 0.000000e+00 0.000000e+00 1.000000e+00
Tr_velo_to_cam_0: 8.280529e-03 -9.999150e-01 1.006629e-02 -5.696378e-02 1.005313e-02 -9.982886e-03 -9.998996e-01 2.099987e+00 9.999152e-01 8.380896e-03 9.969615e-03 -1.565187e+00
Tr_velo_to_cam_1: 7.142196e-01 -6.998755e-01 -8.037084e-03 -9.850809e-01 4.352663e-03 1.592390e-02 -9.998637e-01 2.107781e+00 6.999081e-01 7.140873e-01 1.441948e-02 -1.146228e+00
Tr_velo_to_cam_2: -7.029191e-01 -7.111319e-01 -1.400350e-02 1.011878e+00 1.721694e-02 2.670756e-03 -9.998482e-01 2.089818e+00 7.110614e-01 -7.030535e-01 1.036619e-02 -1.152638e+00
Tr_velo_to_cam_3: 9.999545e-01 -7.494355e-04 -9.510579e-03 -1.411723e+00 -9.508337e-03 2.940842e-03 -9.999505e-01 2.129130e+00 7.773675e-04 9.999954e-01 2.933582e-03 -1.232761e-01
Tr_velo_to_cam_4: -9.999769e-01 -6.787508e-03 2.198305e-04 1.428593e+00 -2.496112e-04 4.387043e-03 -9.999903e-01 2.116217e+00 6.786478e-03 -9.999673e-01 -4.388636e-03 -1.160439e-01
