P0: 2.095500e+03 0.000000e+00 9.448988e+02 0.000000e+00 0.000000e+00 2.095500e+03 6.402030e+02 0.000000e+00 0.000000e+00 0.000000e+00 1.000000e+00 0.000000e+00
P1: 2.075229e+03 0.000000e+00 9.626122e+02 0.000000e+00 0.000000e+00 2.075229e+03 6.340553e+02 0.000000e+00 0.000000e+00 0.000000e+00 1.000000e+00 0.000000e+00
P2: 2.087527e+03 0.000000e+00 9.623141e+02 0.000000e+00 0.000000e+00 2.087527e+03 6.564033e+02 0.000000e+00 0.000000e+00 0.000000e+00 1.000000e+00 0.000000e+00
P3: 2.093726e+03 0.000000e+00 9.479320e+02 0.000000e+00 0.000000e+00 2.093726e+03 2.576030e+02 0.000000e+00 0.000000e+00 0.000000e+00 1.000000e+00 0.000000e+00
P4: 2.078840e+03 0.000000e+00 9.761453e+02 0.000000e+00 0.000000e+00 2.078840e+03 2.349174e+02 0.000000e+00 0.000000e+00 0.000000e+00 1.000000e+00 0.000000e+00
R0_rect: 1.000000e+00 0.000000e+00 0.000000e+00 0.000000e+00 1.000000e+00 0.000000e+00 0.000000e+00 0.000000e+00 1.000000e+00
Tr_velo_to_cam_0: 4.142937e-03 -9.999422e-01 9.916716e-03 -5.063782e-02 8.379902e-03 -9.881737e-03 -9.999161e-01 2.102413e+00 9.999563e-01 4.225691e-03 8.338478e-03 -1.561699e+00
Tr_velo_to_cam_1: 7.040263e-01 -7.101136e-01 9.249860e-03 -1.005526e+00 1.047474e-02 -2.640177e-03 -9.999417e-01 2.099719e+00 7.100966e-01 7.040821e-01 5.579504e-03 -1.141327e+00
Tr_velo_to_cam_2: -7.088692e-01 -7.051252e-01 1.740544e-02 9.544997e-01 -1.286094e-02 -1.175121e-02 -9.998482e-01 2.133834e+00 7.052227e-01 -7.089854e-01 -7.385025e-04 -1.121180e+00
Tr_velo_to_cam_3: 9.999919e-01 1.916681e-03 3.540001e-03 -1.439414e+00 3.574884e-03 -1.851327e-02 -9.998222e-01 2.111823e+00 -1.850803e-03 9.998268e-01 -1.851997e-02 -7.365633e-02
Tr_velo_to_cam_4: -9.998645e-01 -5.364287e-03 1.556314e-02 1.395993e+00 -1.553307e-02 -5.602336e-03 -9.998637e-01 2.137419e+00 5.450745e-03 -9.999699e-01 5.518253e-03 -1.355515e-01
