P0: 2.061452e+03 0.000000e+00 9.398783e+02 0.000000e+00 0.000000e+00 2.061452e+03 6.599770e+02 0.000000e+00 0.000000e+00 0.000000e+00 1.000000e+00 0.000000e+00
P1: 2.073479e+03 0.000000e+00 1.000546e+03 0.000000e+00 0.000000e+00 2.073479e+03 6.512563e+02 0.000000e+00 0.000000e+00 0.000000e+00 1.000000e+00 0.000000e+00
P2: 2.077919e+03 0.000000e+00 9.543916e+02 0.000000e+00 0.000000e+00 2.077919e+03 6.625548e+02 0.000000e+00 0.000000e+00 0.000000e+00 1.000000e+00 0.000000e+00
P3: 2.063128e+03 0.000000e+00 9.827832e+02 0.000000e+00 0.000000e+00 2.063128e+03 2.286256e+02 0.000000e+00 0.000000e+00 0.000000e+00 1.000000e+00 0.000000e+00
P4: 2.075805e+03 0.000000e+00 1.011131e+03 0.000000e+00 0.000000e+00 2.075805e+03 2.579990e+02 0.000000e+00 0.000000e+00 0.000000e+00 1.000000e+00 0.000000e+00
R0_rect: 1.000000e+00 0.000000e+00 0.000000e+00 0.000000e+00 1.000000e+00 0.000000e+00 0.000000e+00 0.000000e+00 1.000000e+00
Tr_velo_to_cam_0: 4.686304e-03 -9.999653e-01 6.892985e-03 -4.507740e-02 -4.237442e-03 -6.912857e-03 -9.999671e-01 2.121987e+00 9.999800e-01 4.656941e-03 -4.269690e-03 -1.534998e+00
Tr_velo_to_cam_1: 6.985092e-01 -7.156002e-01 -1.098551e-03 -9.748761e-01 -4.872247e-03 -3.220760e-03 -9.999829e-01 2.122986e+00 7.155844e-01 6.985027e-01 -5.736311e-03 -1.125170e+00
Tr_velo_to_cam_2: -7.066741e-01 -7.074791e-01 9.224588e-03 9.682489e-01 -1.074919e-02 -2.300929e-03 -9.999396e-01 2.131574e+00 7.074576e-01 -7.067305e-01 -5.978818e-03 -1.113078e+00
Tr_velo_to_cam_3: 9.999933e-01 -3.078843e-03 -2.002371e-03 -1.427221e+00 -2.022367e-03 -6.505235e-03 -9.999768e-01 2.119001e+00 3.065745e-03 9.999741e-01 -6.511417e-03 -1.062422e-01
Tr_velo_to_cam_4: -9.999732e-01 3.081916e-03 6.635621e-03 1.415865e+00 -6.548760e-03 2.738717e-02 -9.996034e-01 2.127624e+00 -3.262425e-03 -9.996202e-01 -2.736625e-02 -5.333979e-02
