P0: 2.056162e+03 0.000000e+00 9.544858e+02 0.000000e+00 0.000000e+00 2.056162e+03 6.344591e+02 0.000000e+00 0.000000e+00 0.000000e+00 1.000000e+00 0.000000e+00
P1: 2.056522e+03 0.000000e+00 9.655635e+02 0.000000e+00 0.000000e+00 2.056522e+03 6.486119e+02 0.000000e+00 0.000000e+00 0.000000e+00 1.000000e+00 0.000000e+00
P2: 2.057896e+03 0.000000e+00 9.556326e+02 0.000000e+00 0.000000e+00 2.057896e+03 6.473737e+02 0.000000e+00 0.000000e+00 0.000000e+00 1.000000e+00 0.000000e+00
P3: 2.056774e+03 0.000000e+00 9.568684e+02 0.000000e+00 0.000000e+00 2.056774e+03 2.402094e+02 0.000000e+00 0.000000e+00 0.000000e+00 1.000000e+00 0.000000e+00
P4: 2.058213e+03 0.000000e+00 9.704349e+02 0.000000e+00 0.000000e+00 2.058213e+03 2.569275e+02 0.000000e+00 0.000000e+00 0.000000e+00 1.000000e+00 0.000000e+00
R0_rect: 1.000000e+00 0.000000e+00 0.000000e+00 0.000000e+00 1.000000e+00 0.000000e+00 0.000000e+00 0.000000e+00 1.000000e+00
Tr_velo_to_cam_0: 9.097565e-04 -9.998451e-01 1.757668e-02 -6.248991e-02 -1.403017e-02 -1.758772e-02 -9.997469e-01 2.136362e+00 9.999012e-01 6.629225e-04 -1.404400e-02 -1.509259e+00
Tr_velo_to_cam_1: 7.004421e-01 -7.136613e-01 8.270547e-03 -9.980788e-01 -6.611317e-03 -1.807561e-02 -9.998148e-01 2.126613e+00 7.136786e-01 7.002577e-01 -1.737916e-02 -1.093333e+00
Tr_velo_to_cam_2: -7.041493e-01 -7.099746e-01 1.047454e-02 9.605405e-01 -1.669879e-02 1.810455e-03 -9.998589e-01 2.140503e+00 7.098555e-01 -7.042249e-01 -1.313055e-02 -1.096374e+00
Tr_velo_to_cam_3: 9.999142e-01 -2.226490e-03 1.291012e-02 -1.458997e+00 1.287413e-02 -1.548425e-02 -9.997972e-01 2.098195e+00 2.425942e-03 9.998776e-01 -1.545426e-02 -8.205058e-02
Tr_velo_to_cam_4: -9.999754e-01 5.158422e-04 6.997538e-03 1.413596e+00 -6.989570e-03 1.410158e-02 -9.998761e-01 2.126957e+00 -6.144547e-04 -9.999004e-01 -1.409763e-02 -8.077367e-02
