P0: 2.076078e+03 0.000000e+00 9.537331e+02 0.000000e+00 0.000000e+00 2.076078e+03 6.630316e+02 0.000000e+00 0.000000e+00 0.000000e+00 1.000000e+00 0.000000e+00
P1: 2.078609e+03 0.000000e+00 9.911633e+02 0.000000e+00 0.000000e+00 2.078609e+03 6.357662e+02 0.000000e+00 0.000000e+00 0.000000e+00 1.000000e+00 0.000000e+00
P2: 2.068569e+03 0.000000e+00 9.513483e+02 0.000000e+00 0.000000e+00 2.068569e+03 6.533073e+02 0.000000e+00 0.000000e+00 0.000000e+00 1.000000e+00 0.000000e+00
P3: 2.079156e+03 0.000000e+00 9.892497e+02 0.000000e+00 0.000000e+00 2.079156e+03 2.402755e+02 0.000000e+00 0.000000e+00 0.000000e+00 1.000000e+00 0.000000e+00
P4: 2.073388e+03 0.000000e+00 9.880949e+02 0.000000e+00 0.000000e+00 2.073388e+03 2.347986e+02 0.000000e+00 0.000000e+00 0.000000e+00 1.000000e+00 0.000000e+00
R0_rect: 1.000000e+00 0.000000e+00 0.000000e+00 0.000000e+00 1.000000e+00 0.000000e+00 0.000000e+00 0.000000e+00 1.000000e+00
Tr_velo_to_cam_0: 3.994406e-03 -9.999814e-01 4.599408e-03 -3.979379e-02 -7.642993e-04 -4.602496e-03 -9.999891e-01 2.117123e+00 9.999917e-01 3.990847e-03 -7.826694e-04 -1.542515e+00
Tr_velo_to_cam_1: 7.053801e-01 -7.086930e-01 1.390082e-02 -1.018324e+00 1.291070e-02 -6.762296e-03 -9.998938e-01 2.096642e+00 7.087117e-01 7.054846e-01 4.379737e-03 -1.137166e+00
Tr_velo_to_cam_2: -7.047274e-01 -7.094394e-01 -7.417749e-03 9.999095e-01 9.770626e-03 7.495574e-04 -9.999520e-01 2.101536e+00 7.094109e-01 -7.047660e-01 6.403434e-03 -1.142099e+00
Tr_velo_to_cam_3: 9.999927e-01 -3.579699e-03 1.311703e-03 -1.434978e+00 1.261003e-03 -1.412883e-02 -9.998994e-01 2.114912e+00 3.597872e-03 9.998938e-01 -1.412421e-02 -9.081818e-02
Tr_velo_to_cam_4: -9.999852e-01 5.182018e-03 1.683046e-03 1.426253e+00 -1.695337e-03 -2.368424e-03 -9.999958e-01 2.118174e+00 -5.178009e-03 -9.999838e-01 2.377174e-03 -1.136427e-01
