P0: 2.080526e+03 0.000000e+00 9.613184e+02 0.000000e+00 0.000000e+00 2.080526e+03 6.456823e+02 0.000000e+00 0.000000e+00 0.000000e+00 1.000000e+00 0.000000e+00
P1: 2.071511e+03 0.000000e+00 9.719752e+02 0.000000e+00 0.000000e+00 2.071511e+03 6.345661e+02 0.000000e+00 0.000000e+00 0.000000e+00 1.000000e+00 0.000000e+00
P2: 2.077267e+03 0.000000e+00 9.697606e+02 0.000000e+00 0.000000e+00 2.077267e+03 6.333735e+02 0.000000e+00 0.000000e+00 0.000000e+00 1.000000e+00 0.000000e+00
P3: 2.075532e+03 0.000000e+00 9.777936e+02 0.000000e+00 0.000000e+00 2.075532e+03 2.564057e+02 0.000000e+00 0.000000e+00 0.000000e+00 1.000000e+00 0.000000e+00
P4: 2.077999e+03 0.000000e+00 9.682027e+02 0.000000e+00 0.000000e+00 2.077999e+03 2.490881e+02 0.000000e+00 0.000000e+00 0.000000e+00 1.000000e+00 0.000000e+00
R0_rect: 1.000000e+00 0.000000e+00 0.000000e+00 0.000000e+00 1.000000e+00 0.000000e+00 0.000000e+00 0.000000e+00 1.000000e+00
Tr_velo_to_cam_0: 1.747299e-03 -9.999919e-01 -3.619487e-03 -1.821533e-02 1.781293e-02 3.650042e-03 -9.998347e-01 2.088026e+00 9.998398e-01 1.682537e-03 1.781916e-02 -1.581678e+00
Tr_velo_to_cam_1: 7.116609e-01 -7.025075e-01 4.686765e-03 -1.007975e+00 5.682435e-03 -9.148944e-04 -9.999834e-01 2.106914e+00 7.025001e-01 7.116758e-01 3.340859e-03 -1.125999e+00
Tr_velo_to_cam_2: -7.085063e-01 -7.057004e-01 2.381485e-03 9.857866e-01 6.561424e-03 -9.961913e-03 -9.999289e-01 2.105108e+00 7.056739e-01 -7.084403e-01 1.168848e-02 -1.148093e+00
Tr_velo_to_cam_3: 9.999935e-01 1.675501e-03 3.199737e-03 -1.438666e+00 3.234854e-03 -2.139339e-02 -9.997659e-01 2.112609e+00 -1.606655e-03 9.997697e-01 -2.139867e-02 -6.795864e-02
Tr_velo_to_cam_4: -9.998930e-01 -6.887994e-03 1.290708e-02 1.401547e+00 -1.293063e-02 3.384951e-03 -9.999107e-01 2.134758e+00 6.843689e-03 -9.999705e-01 -3.473654e-03 -1.184667e-01
