P0: 2.081697e+03 0.000000e+00 9.549587e+02 0.000000e+00 0.000000e+00 2.081697e+03 6.591283e+02 0.000000e+00 0.000000e+00 0.000000e+00 1.000000e+00 0.000000e+00
P1: 2.068325e+03 0.000000e+00 9.863613e+02 0.000000e+00 0.000000e+00 2.068325e+03 6.266106e+02 0.000000e+00 0.000000e+00 0.000000e+00 1.000000e+00 0.000000e+00
P2: 2.080901e+03 0.000000e+00 9.279202e+02 0.000000e+00 0.000000e+00 2.080901e+03 6.499114e+02 0.000000e+00 0.000000e+00 0.000000e+00 1.000000e+00 0.000000e+00
P3: 2.078764e+03 0.000000e+00 9.715155e+02 0.000000e+00 0.000000e+00 2.078764e+03 2.382202e+02 0.000000e+00 0.000000e+00 0.000000e+00 1.000000e+00 0.000000e+00
P4: 2.075004e+03 0.000000e+00 9.729314e+02 0.000000e+00 0.000000e+00 2.075004e+03 2.291563e+02 0.000000e+00 0.000000e+00 0.000000e+00 1.000000e+00 0.000000e+00
R0_rect: 1.000000e+00 0.000000e+00 0.000000e+00 0.000000e+00 1.000000e+00 0.000000e+00 0.000000e+00 0.000000e+00 1.000000e+00
Tr_velo_to_cam_0: -3.718075e-04 -9.999996e-01 8.394007e-04 -2.569788e-02 1.775989e-02 -8.458717e-04 -9.998419e-01 2.088774e+00 9.998422e-01 -3.568411e-04 1.776020e-02 -1.581793e+00
Tr_velo_to_cam_1: 7.030535e-01 -7.109346e-01 1.696350e-02 -1.021882e+00 2.082124e-02 -3.265117e-03 -9.997779e-01 2.084366e+00 7.108321e-01 7.032505e-01 1.250699e-02 -1.157553e+00
Tr_velo_to_cam_2: -7.066255e-01 -7.075831e-01 -2.584111e-03 9.923091e-01 1.032376e-02 -6.658042e-03 -9.999245e-01 2.100297e+00 7.075125e-01 -7.065988e-01 1.200966e-02 -1.151445e+00
Tr_velo_to_cam_3: 9.999908e-01 1.026523e-03 4.160439e-03 -1.442336e+00 4.163741e-03 -3.236187e-03 -9.999861e-01 2.109555e+00 -1.013044e-03 9.999942e-01 -3.240432e-03 -1.071538e-01
Tr_velo_to_cam_4: -9.999339e-01 1.726725e-03 1.137100e-02 1.405014e+00 -1.139289e-02 -1.324474e-02 -9.998474e-01 2.130583e+00 -1.575855e-03 -9.999108e-01 1.326354e-02 -1.418939e-01
