P0: 2.080306e+03 0.000000e+00 9.675179e+02 0.000000e+00 0.000000e+00 2.080306e+03 6.361433e+02 0.000000e+00 0.000000e+00 0.000000e+00 1.000000e+00 0.000000e+00
P1: 2.078514e+03 0.000000e+00 1.006152e+03 0.000000e+00 0.000000e+00 2.078514e+03 6.377210e+02 0.000000e+00 0.000000e+00 0.000000e+00 1.000000e+00 0.000000e+00
P2: 2.081254e+03 0.000000e+00 9.426991e+02 0.000000e+00 0.000000e+00 2.081254e+03 6.465099e+02 0.000000e+00 0.000000e+00 0.000000e+00 1.000000e+00 0.000000e+00
P3: 2.073282e+03 0.000000e+00 9.892694e+02 0.000000e+00 0.000000e+00 2.073282e+03 2.466930e+02 0.000000e+00 0.000000e+00 0.000000e+00 1.000000e+00 0.000000e+00
P4: 2.067278e+03 0.000000e+00 9.815202e+02 0.000000e+00 0.000000e+00 2.067278e+03 2.425621e+02 0.000000e+00 0.000000e+00 0.000000e+00 1.000000e+00 0.000000e+00
R0_rect: 1.000000e+00 0.000000e+00 0.000000e+00 0.000000e+00 1.000000e+00 0.000000e+00 0.000000e+00 0.000000e+00 1.000000e+00
Tr_velo_to_cam_0: -2.625047e-03 -9.999955e-01 1.437403e-03 -2.121191e-02 -1.199043e-03 -1.434260e-03 -9.999983e-01 2.117348e+00 9.999958e-01 -2.626766e-03 -1.195273e-03 -1.541815e+00
Tr_velo_to_cam_1: 7.072729e-01 -7.069397e-01 1.173162e-03 -9.926320e-01 5.143071e-03 3.486035e-03 -9.999807e-01 2.107660e+00 7.069219e-01 7.072653e-01 6.101419e-03 -1.138087e+00
Tr_velo_to_cam_2: -7.019464e-01 -7.122289e-01 1.078937e-03 9.788943e-01 -5.283056e-04 -9.941948e-04 -9.999994e-01 2.116174e+00 7.122296e-01 -7.019465e-01 3.215969e-04 -1.133041e+00
Tr_velo_to_cam_3: 9.999768e-01 -6.590985e-03 -1.732141e-03 -1.426524e+00 -1.765826e-03 -5.108297e-03 -9.999854e-01 2.118901e+00 6.582041e-03 9.999652e-01 -5.119817e-03 -1.144650e-01
Tr_velo_to_cam_4: -9.999514e-01 3.089687e-03 9.363075e-03 1.410831e+00 -9.334396e-03 9.169590e-03 -9.999144e-01 2.129745e+00 -3.175278e-03 -9.999532e-01 -9.140304e-03 -9.182655e-02
