P0: 2.075149e+03 0.000000e+00 9.199443e+02 0.000000e+00 0.000000e+00 2.075149e+03 6.474598e+02 0.000000e+00 0.000000e+00 0.000000e+00 1.000000e+00 0.000000e+00
P1: 2.081612e+03 0.000000e+00 1.002519e+03 0.000000e+00 0.000000e+00 2.081612e+03 6.439886e+02 0.000000e+00 0.000000e+00 0.000000e+00 1.000000e+00 0.000000e+00
P2: 2.072784e+03 0.000000e+00 9.236957e+02 0.000000e+00 0.000000e+00 2.072784e+03 6.426229e+02 0.000000e+00 0.000000e+00 0.000000e+00 1.000000e+00 0.000000e+00
P3: 2.073891e+03 0.000000e+00 1.000915e+03 0.000000e+00 0.000000e+00 2.073891e+03 2.520638e+02 0.000000e+00 0.000000e+00 0.000000e+00 1.000000e+00 0.000000e+00
P4: 2.082144e+03 0.000000e+00 1.002031e+03 0.000000e+00 0.000000e+00 2.082144e+03 2.366244e+02 0.000000e+00 0.000000e+00 0.000000e+00 1.000000e+00 0.000000e+00
R0_rect: 1.000000e+00 0.000000e+00 0.000000e+00 0.000000e+00 1.000000e+00 0.000000e+00 0.000000e+00 0.000000e+00 1.000000e+00
Tr_velo_to_cam_0: 4.271694e-03 -9.999831e-01 3.931288e-03 -3.805941e-02 3.630562e-03 -3.915790e-03 -9.999857e-01 2.109863e+00 9.999843e-01 4.285906e-03 3.613774e-03 -1.551665e+00
Tr_velo_to_cam_1: 7.005643e-01 -7.135847e-01 2.574541e-03 -9.857891e-01 -2.697538e-04 -3.872702e-03 -9.999925e-01 2.116216e+00 7.135893e-01 7.005583e-01 -2.905569e-03 -1.128367e+00
Tr_velo_to_cam_2: -7.031753e-01 -7.110155e-01 1.174038e-03 9.797801e-01 -2.179397e-03 5.041569e-04 -9.999975e-01 2.119047e+00 7.110132e-01 -7.031761e-01 -1.904096e-03 -1.126617e+00
Tr_velo_to_cam_3: 9.999967e-01 1.106843e-04 -2.583935e-03 -1.426266e+00 -2.581585e-03 -1.761097e-02 -9.998416e-01 2.120889e+00 -1.561724e-04 9.998449e-01 -1.761062e-02 -7.818749e-02
Tr_velo_to_cam_4: -9.998656e-01 1.188827e-02 1.129265e-02 1.406899e+00 -1.126329e-02 2.533576e-03 -9.999334e-01 2.132091e+00 -1.191609e-02 -9.999261e-01 -2.399334e-03 -9.377944e-02
