P0: 2.084194e+03 0.000000e+00 9.496794e+02 0.000000e+00 0.000000e+00 2.084194e+03 6.418916e+02 0.000000e+00 0.000000e+00 0.000000e+00 1.000000e+00 0.000000e+00
P1: 2.089178e+03 0.000000e+00 9.801474e+02 0.000000e+00 0.000000e+00 2.089178e+03 6.349763e+02 0.000000e+00 0.000000e+00 0.000000e+00 1.000000e+00 0.000000e+00
P2: 2.083452e+03 0.000000e+00 9.369328e+02 0.000000e+00 0.000000e+00 2.083452e+03 6.505959e+02 0.000000e+00 0.000000e+00 0.000000e+00 1.000000e+00 0.000000e+00
P3: 2.077604e+03 0.000000e+00 9.910157e+02 0.000000e+00 0.000000e+00 2.077604e+03 2.463931e+02 0.000000e+00 0.000000e+00 0.000000e+00 1.000000e+00 0.000000e+00
P4: 2.080210e+03 0.000000e+00 9.688965e+02 0.000000e+00 0.000000e+00 2.080210e+03 2.457405e+02 0.000000e+00 0.000000e+00 0.000000e+00 1.000000e+00 0.000000e+00
R0_rect: 1.000000e+00 0.000000e+00 0.000000e+00 0.000000e+00 1.000000e+00 0.000000e+00 0.000000e+00 0.000000e+00 1.000000e+00
Tr_velo_to_cam_0: 1.110120e-02 -9.999381e-01 7.197536e-04 -4.135733e-02 3.377862e-03 -6.822932e-04 -9.999941e-01 2.110376e+00 9.999327e-01 1.110357e-02 3.370078e-03 -1.551026e+00
Tr_velo_to_cam_1: 7.112228e-01 -7.029381e-01 6.340485e-03 -1.010335e+00 7.879040e-03 -1.047790e-03 -9.999684e-01 2.103924e+00 7.029225e-01 7.112503e-01 4.793265e-03 -1.129775e+00
Tr_velo_to_cam_2: -6.958196e-01 -7.181465e-01 1.003985e-02 9.497874e-01 -7.279626e-03 -6.926221e-03 -9.999495e-01 2.125717e+00 7.181797e-01 -6.958575e-01 -4.084371e-04 -1.139798e+00
Tr_velo_to_cam_3: 9.999937e-01 -5.502639e-04 3.510043e-03 -1.438790e+00 3.503519e-03 -1.143977e-02 -9.999284e-01 2.111865e+00 5.903786e-04 9.999344e-01 -1.143777e-02 -9.245379e-02
Tr_velo_to_cam_4: -9.999424e-01 -7.220363e-03 7.940117e-03 1.412265e+00 -8.010584e-03 9.783570e-03 -9.999201e-01 2.128040e+00 7.142103e-03 -9.999261e-01 -9.840846e-03 -1.051592e-01
