P0: 2.077786e+03 0.000000e+00 9.727453e+02 0.000000e+00 0.000000e+00 2.077786e+03 6.477197e+02 0.000000e+00 0.000000e+00 0.000000e+00 1.000000e+00 0.000000e+00
P1: 2.077047e+03 0.000000e+00 9.667416e+02 0.000000e+00 0.000000e+00 2.077047e+03 6.356998e+02 0.000000e+00 0.000000e+00 0.000000e+00 1.000000e+00 0.000000e+00
P2: 2.091330e+03 0.000000e+00 9.586004e+02 0.000000e+00 0.000000e+00 2.091330e+03 6.500444e+02 0.000000e+00 0.000000e+00 0.000000e+00 1.000000e+00 0.000000e+00
P3: 2.073390e+03 0.000000e+00 9.495979e+02 0.000000e+00 0.000000e+00 2.073390e+03 2.398831e+02 0.000000e+00 0.000000e+00 0.000000e+00 1.000000e+00 0.000000e+00
P4: 2.079915e+03 0.000000e+00 9.679209e+02 0.000000e+00 0.000000e+00 2.079915e+03 2.207761e+02 0.000000e+00 0.000000e+00 0.000000e+00 1.000000e+00 0.000000e+00
R0_rect: 1.000000e+00 0.000000e+00 0.000000e+00 0.000000e+00 1.000000e+00 0.000000e+00 0.000000e+00 0.000000e+00 1.000000e+00
Tr_velo_to_cam_0: 4.430017e-03 -9.999401e-01 -1.000615e-02 -8.284346e-03 -2.853684e-03 9.993561e-03 -9.999460e-01 2.120183e+00 9.999861e-01 4.458333e-03 -2.809242e-03 -1.538228e+00
Tr_velo_to_cam_1: 7.073039e-01 -7.068980e-01 4.056573e-03 -9.991623e-01 8.614774e-03 2.881402e-03 -9.999587e-01 2.102315e+00 7.068571e-01 7.073097e-01 8.127793e-03 -1.142253e+00
Tr_velo_to_cam_2: -7.061157e-01 -7.079501e-01 1.440016e-02 9.570451e-01 -4.788631e-03 -1.556173e-02 -9.998674e-01 2.121119e+00 7.080803e-01 -7.060910e-01 7.598269e-03 -1.142726e+00
Tr_velo_to_cam_3: 9.999766e-01 6.421084e-03 -2.366466e-03 -1.426980e+00 -2.325190e-03 -6.428049e-03 -9.999766e-01 2.119582e+00 -6.436145e-03 9.999587e-01 -6.412968e-03 -9.294669e-02
Tr_velo_to_cam_4: -9.999002e-01 1.090485e-03 1.408505e-02 1.400341e+00 -1.409573e-02 -1.050136e-02 -9.998455e-01 2.134384e+00 -9.424046e-04 -9.999443e-01 1.051568e-02 -1.367553e-01
