P0: 2.071393e+03 0.000000e+00 9.523806e+02 0.000000e+00 0.000000e+00 2.071393e+03 6.538670e+02 0.000000e+00 0.000000e+00 0.000000e+00 1.000000e+00 0.000000e+00
P1: 2.072790e+03 0.000000e+00 9.877626e+02 0.000000e+00 0.000000e+00 2.072790e+03 6.266310e+02 0.000000e+00 0.000000e+00 0.000000e+00 1.000000e+00 0.000000e+00
P2: 2.095665e+03 0.000000e+00 9.379210e+02 0.000000e+00 0.000000e+00 2.095665e+03 6.557673e+02 0.000000e+00 0.000000e+00 0.000000e+00 1.000000e+00 0.000000e+00
P3: 2.076085e+03 0.000000e+00 1.013338e+03 0.000000e+00 0.000000e+00 2.076085e+03 2.485975e+02 0.000000e+00 0.000000e+00 0.000000e+00 1.000000e+00 0.000000e+00
P4: 2.065314e+03 0.000000e+00 9.705448e+02 0.000000e+00 0.000000e+00 2.065314e+03 2.424618e+02 0.000000e+00 0.000000e+00 0.000000e+00 1.000000e+00 0.000000e+00
R0_rect: 1.000000e+00 0.000000e+00 0.000000e+00 0.000000e+00 1.000000e+00 0.000000e+00 0.000000e+00 0.000000e+00 1.000000e+00
Tr_velo_to_cam_0: 2.732873e-03 -9.999954e-01 1.311225e-03 -3.105479e-02 -1.453092e-03 -1.315200e-03 -9.999981e-01 2.117860e+00 9.999952e-01 2.730963e-03 -1.456680e-03 -1.540836e+00
Tr_velo_to_cam_1: 7.040618e-01 -7.101101e-01 -6.372941e-03 -9.734132e-01 -2.537132e-03 6.458844e-03 -9.999759e-01 2.118799e+00 7.101341e-01 7.040611e-01 2.745783e-03 -1.135784e+00
Tr_velo_to_cam_2: -7.002541e-01 -7.138295e-01 9.570830e-03 9.564778e-01 -8.906259e-03 -4.670164e-03 -9.999494e-01 2.128397e+00 7.138381e-01 -7.003039e-01 -3.087249e-03 -1.127812e+00
Tr_velo_to_cam_3: 9.998832e-01 1.773969e-03 1.517756e-02 -1.464966e+00 1.520977e-02 -1.982677e-02 -9.996877e-01 2.095512e+00 -1.472494e-03 9.998019e-01 -1.985143e-02 -7.163661e-02
Tr_velo_to_cam_4: -9.999764e-01 -3.007404e-03 -6.181287e-03 1.441326e+00 6.140721e-03 1.331615e-02 -9.998925e-01 2.108200e+00 3.089391e-03 -9.999068e-01 -1.329737e-02 -9.205784e-02
