P0: 2.044508e+03 0.000000e+00 9.495746e+02 0.000000e+00 0.000000e+00 2.044508e+03 6.332422e+02 0.000000e+00 0.000000e+00 0.000000e+00 1.000000e+00 0.000000e+00
P1: 2.056390e+03 0.000000e+00 9.544196e+02 0.000000e+00 0.000000e+00 2.056390e+03 6.459932e+02 0.000000e+00 0.000000e+00 0.000000e+00 1.000000e+00 0.000000e+00
P2: 2.045683e+03 0.000000e+00 9.600857e+02 0.000000e+00 0.000000e+00 2.045683e+03 6.462227e+02 0.000000e+00 0.000000e+00 0.000000e+00 1.000000e+00 0.000000e+00
P3: 2.053508e+03 0.000000e+00 9.679451e+02 0.000000e+00 0.000000e+00 2.053508e+03 2.466561e+02 0.000000e+00 0.000000e+00 0.000000e+00 1.000000e+00 0.000000e+00
P4: 2.064417e+03 0.000000e+00 9.619254e+02 0.000000e+00 0.000000e+00 2.064417e+03 2.409369e+02 0.000000e+00 0.000000e+00 0.000000e+00 1.000000e+00 0.000000e+00
R0_rect: 1.000000e+00 0.000000e+00 0.000000e+00 0.000000e+00 1.000000e+00 0.000000e+00 0.000000e+00 0.000000e+00 1.000000e+00
Tr_velo_to_cam_0: 2.762564e-03 -9.999576e-01 8.781773e-03 -4.721816e-02 -1.932965e-03 -8.787130e-03 -9.999595e-01 2.117768e+00 9.999943e-01 2.745477e-03 -1.957158e-03 -1.534419e+00
Tr_velo_to_cam_1: 6.976509e-01 -7.164321e-01 2.882671e-03 -9.823795e-01 -1.186083e-02 -1.557277e-02 -9.998084e-01 2.133524e+00 7.163397e-01 6.974830e-01 -1.936184e-02 -1.092469e+00
Tr_velo_to_cam_2: -7.020068e-01 -7.121073e-01 9.467964e-03 9.585393e-01 -1.228313e-02 -1.185780e-03 -9.999239e-01 2.133660e+00 7.120643e-01 -7.020697e-01 -7.914480e-03 -1.110263e+00
Tr_velo_to_cam_3: 9.999129e-01 -1.319446e-02 2.481694e-04 -1.430842e+00 -8.101854e-05 -2.494257e-02 -9.996889e-01 2.117226e+00 1.319654e-02 9.996018e-01 -2.494147e-02 -7.717386e-02
Tr_velo_to_cam_4: -9.999986e-01 1.649956e-03 -1.975656e-04 1.428246e+00 1.987402e-04 7.118168e-04 -9.999997e-01 2.115800e+00 -1.649815e-03 -9.999984e-01 -7.121437e-04 -1.078215e-01
