P0: 2.079570e+03 0.000000e+00 9.387830e+02 0.000000e+00 0.000000e+00 2.079570e+03 6.421825e+02 0.000000e+00 0.000000e+00 0.000000e+00 1.000000e+00 0.000000e+00
P1: 2.092122e+03 0.000000e+00 9.857283e+02 0.000000e+00 0.000000e+00 2.092122e+03 6.268042e+02 0.000000e+00 0.000000e+00 0.000000e+00 1.000000e+00 0.000000e+00
P2: 2.074612e+03 0.000000e+00 9.478005e+02 0.000000e+00 0.000000e+00 2.074612e+03 6.514145e+02 0.000000e+00 0.000000e+00 0.000000e+00 1.000000e+00 0.000000e+00
P3: 2.072899e+03 0.000000e+00 9.663327e+02 0.000000e+00 0.000000e+00 2.072899e+03 2.389261e+02 0.000000e+00 0.000000e+00 0.000000e+00 1.000000e+00 0.000000e+00
P4: 2.079794e+03 0.000000e+00 9.926413e+02 0.000000e+00 0.000000e+00 2.079794e+03 2.363965e+02 0.000000e+00 0.000000e+00 0.000000e+00 1.000000e+00 0.000000e+00
R0_rect: 1.000000e+00 0.000000e+00 0.000000e+00 0.000000e+00 1.000000e+00 0.000000e+00 0.000000e+00 0.000000e+00 1.000000e+00
Tr_velo_to_cam_0: 2.012457e-03 -9.999724e-01 7.149988e-03 -4.210525e-02 2.310886e-03 -7.145333e-03 -9.999718e-01 2.111600e+00 9.999953e-01 2.028923e-03 2.296443e-03 -1.548680e+00
Tr_velo_to_cam_1: 7.034328e-01 -7.107613e-01 7.987647e-04 -9.872420e-01 2.787099e-03 1.634552e-03 -9.999948e-01 2.111014e+00 7.107563e-01 7.034314e-01 3.130760e-03 -1.137223e+00
Tr_velo_to_cam_2: -7.048164e-01 -7.092340e-01 1.486852e-02 9.526252e-01 -1.193321e-02 -9.102959e-03 -9.998874e-01 2.132339e+00 7.092894e-01 -7.049144e-01 -2.047521e-03 -1.123673e+00
Tr_velo_to_cam_3: 9.999978e-01 1.688314e-03 -1.273036e-03 -1.429849e+00 -1.240131e-03 -1.935010e-02 -9.998120e-01 2.119109e+00 -1.712630e-03 9.998113e-01 -1.934796e-02 -7.226855e-02
Tr_velo_to_cam_4: -9.999420e-01 2.201369e-03 1.053840e-02 1.406625e+00 -1.051079e-02 1.219976e-02 -9.998703e-01 2.131989e+00 -2.329650e-03 -9.999232e-01 -1.217591e-02 -8.679227e-02
