P0: 2.093814e+03 0.000000e+00 9.563631e+02 0.000000e+00 0.000000e+00 2.093814e+03 6.501714e+02 0.000000e+00 0.000000e+00 0.000000e+00 1.000000e+00 0.000000e+00
P1: 2.095251e+03 0.000000e+00 9.724807e+02 0.000000e+00 0.000000e+00 2.095251e+03 6.346180e+02 0.000000e+00 0.000000e+00 0.000000e+00 1.000000e+00 0.000000e+00
P2: 2.076759e+03 0.000000e+00 9.692991e+02 0.000000e+00 0.000000e+00 2.076759e+03 6.373938e+02 0.000000e+00 0.000000e+00 0.000000e+00 1.000000e+00 0.000000e+00
P3: 2.071843e+03 0.000000e+00 9.642724e+02 0.000000e+00 0.000000e+00 2.071843e+03 2.495564e+02 0.000000e+00 0.000000e+00 0.000000e+00 1.000000e+00 0.000000e+00
P4: 2.078673e+03 0.000000e+00 9.908372e+02 0.000000e+00 0.000000e+00 2.078673e+03 2.451865e+02 0.000000e+00 0.000000e+00 0.000000e+00 1.000000e+00 0.000000e+00
R0_rect: 1.000000e+00 0.000000e+00 0.000000e+00 0.000000e+00 1.000000e+00 0.000000e+00 0.000000e+00 0.000000e+00 1.000000e+00
Tr_velo_to_cam_0: 2.330943e-03 -9.999028e-01 1.374778e-02 -5.530003e-02 1.969068e-02 -1.369926e-02 -9.997123e-01 2.084479e+00 9.998034e-01 2.600975e-03 1.965683e-02 -1.585608e+00
Tr_velo_to_cam_1: 7.126575e-01 -7.014574e-01 8.762323e-03 -1.017650e+00 9.386752e-03 -2.954363e-03 -9.999516e-01 2.101576e+00 7.014494e-01 7.127052e-01 4.478958e-03 -1.126884e+00
Tr_velo_to_cam_2: -7.084011e-01 -7.057056e-01 1.214438e-02 9.655284e-01 4.578442e-04 -1.766575e-02 -9.998438e-01 2.113265e+00 7.058100e-01 -7.082849e-01 1.283754e-02 -1.150792e+00
Tr_velo_to_cam_3: 9.996683e-01 9.725235e-03 2.384735e-02 -1.482299e+00 2.398459e-02 -1.424863e-02 -9.996108e-01 2.081833e+00 -9.381658e-03 9.998512e-01 -1.447716e-02 -7.153065e-02
Tr_velo_to_cam_4: -9.999944e-01 1.746051e-03 2.841476e-03 1.424534e+00 -2.828567e-03 7.351542e-03 -9.999690e-01 2.120826e+00 -1.766886e-03 -9.999715e-01 -7.346562e-03 -9.791667e-02
