P0: 2.045506e+03 0.000000e+00 9.500349e+02 0.000000e+00 0.000000e+00 2.045506e+03 6.400969e+02 0.000000e+00 0.000000e+00 0.000000e+00 1.000000e+00 0.000000e+00
P1: 2.048997e+03 0.000000e+00 9.709917e+02 0.000000e+00 0.000000e+00 2.048997e+03 6.344889e+02 0.000000e+00 0.000000e+00 0.000000e+00 1.000000e+00 0.000000e+00
P2: 2.057257e+03 0.000000e+00 9.568392e+02 0.000000e+00 0.000000e+00 2.057257e+03 6.379043e+02 0.000000e+00 0.000000e+00 0.000000e+00 1.000000e+00 0.000000e+00
P3: 2.058366e+03 0.000000e+00 9.805425e+02 0.000000e+00 0.000000e+00 2.058366e+03 2.498651e+02 0.000000e+00 0.000000e+00 0.000000e+00 1.000000e+00 0.000000e+00
P4: 2.065801e+03 0.000000e+00 9.599091e+02 0.000000e+00 0.000000e+00 2.065801e+03 2.562985e+02 0.000000e+00 0.000000e+00 0.000000e+00 1.000000e+00 0.000000e+00
R0_rect: 1.000000e+00 0.000000e+00 0.000000e+00 0.000000e+00 1.000000e+00 0.000000e+00 0.000000e+00 0.000000e+00 1.000000e+00
Tr_velo_to_cam_0: 4.573789e-03 -9.999890e-01 1.046828e-03 -3.175489e-02 -9.904231e-03 -1.092088e-03 -9.999504e-01 2.130458e+00 9.999405e-01 4.563194e-03 -9.909117e-03 -1.518044e+00
Tr_velo_to_cam_1: 6.996144e-01 -7.145078e-01 4.280305e-03 -9.865761e-01 -6.229226e-03 -1.208939e-02 -9.999075e-01 2.124853e+00 7.144934e-01 6.995231e-01 -1.290874e-02 -1.103071e+00
Tr_velo_to_cam_2: -7.025266e-01 -7.116574e-01 1.861037e-04 9.810279e-01 -1.870923e-03 1.585412e-03 -9.999970e-01 2.118935e+00 7.116550e-01 -7.025249e-01 -2.445251e-03 -1.121947e+00
Tr_velo_to_cam_3: 9.999358e-01 -1.089599e-02 -3.122411e-03 -1.421993e+00 -3.353902e-03 -2.129238e-02 -9.997677e-01 2.121351e+00 1.082698e-02 9.997139e-01 -2.132755e-02 -8.124341e-02
Tr_velo_to_cam_4: -9.999757e-01 -6.138170e-03 -3.297225e-03 1.436159e+00 3.267346e-03 4.871410e-03 -9.999828e-01 2.112155e+00 6.154127e-03 -9.999693e-01 -4.851236e-03 -1.104289e-01
