P0: 2.051289e+03 0.000000e+00 9.505541e+02 0.000000e+00 0.000000e+00 2.051289e+03 6.471451e+02 0.000000e+00 0.000000e+00 0.000000e+00 1.000000e+00 0.000000e+00
P1: 2.070650e+03 0.000000e+00 9.679299e+02 0.000000e+00 0.000000e+00 2.070650e+03 6.337976e+02 0.000000e+00 0.000000e+00 0.000000e+00 1.000000e+00 0.000000e+00
P2: 2.049655e+03 0.000000e+00 9.540867e+02 0.000000e+00 0.000000e+00 2.049655e+03 6.547370e+02 0.000000e+00 0.000000e+00 0.000000e+00 1.000000e+00 0.000000e+00
P3: 2.047326e+03 0.000000e+00 9.713171e+02 0.000000e+00 0.000000e+00 2.047326e+03 2.385607e+02 0.000000e+00 0.000000e+00 0.000000e+00 1.000000e+00 0.000000e+00
P4: 2.051329e+03 0.000000e+00 9.664269e+02 0.000000e+00 0.000000e+00 2.051329e+03 2.438412e+02 0.000000e+00 0.000000e+00 0.000000e+00 1.000000e+00 0.000000e+00
R0_rect: 1.000000e+00 0.000000e+00 0.000000e+00 0.000000e+00 1.000000e+00 0.000000e+00 0.000000e+00 0.000000e+00 1.000000e+00
Tr_velo_to_cam_0: 4.064184e-03 -9.999302e-01 1.109284e-02 -5.316629e-02 2.519019e-03 -1.108266e-02 -9.999354e-01 2.111031e+00 9.999886e-01 4.091865e-03 2.473802e-03 -1.549041e+00
Tr_velo_to_cam_1: 7.111689e-01 -7.028223e-01 1.672242e-02 -1.032914e+00 1.807434e-02 -5.499998e-03 -9.998215e-01 2.088859e+00 7.027888e-01 7.113442e-01 8.791624e-03 -1.138213e+00
Tr_velo_to_cam_2: -7.053767e-01 -7.086791e-01 1.475367e-02 9.541332e-01 -1.172785e-02 -9.143043e-03 -9.998894e-01 2.131638e+00 7.087356e-01 -7.054717e-01 -1.861991e-03 -1.123128e+00
Tr_velo_to_cam_3: 9.997880e-01 2.483803e-03 2.044179e-02 -1.475443e+00 2.042140e-02 7.977019e-03 -9.997596e-01 2.085302e+00 -2.646271e-03 9.999651e-01 7.924605e-03 -1.289405e-01
Tr_velo_to_cam_4: -9.998083e-01 -2.861287e-03 1.936966e-02 1.387340e+00 -1.937227e-02 8.885760e-04 -9.998119e-01 2.142728e+00 2.843537e-03 -9.999955e-01 -9.438353e-04 -1.176697e-01
