P0: 2.084510e+03 0.000000e+00 9.629126e+02 0.000000e+00 0.000000e+00 2.084510e+03 6.530936e+02 0.000000e+00 0.000000e+00 0.000000e+00 1.000000e+00 0.000000e+00
P1: 2.066081e+03 0.000000e+00 9.811815e+02 0.000000e+00 0.000000e+00 2.066081e+03 6.326417e+02 0.000000e+00 0.000000e+00 0.000000e+00 1.000000e+00 0.000000e+00
P2: 2.085739e+03 0.000000e+00 9.673599e+02 0.000000e+00 0.000000e+00 2.085739e+03 6.469240e+02 0.000000e+00 0.000000e+00 0.000000e+00 1.000000e+00 0.000000e+00
P3: 2.077881e+03 0.000000e+00 9.626345e+02 0.000000e+00 0.000000e+00 2.077881e+03 2.470583e+02 0.000000e+00 0.000000e+00 0.000000e+00 1.000000e+00 0.000000e+00
P4: 2.071318e+03 0.000000e+00 9.944098e+02 0.000000e+00 0.000000e+00 2.071318e+03 2.518893e+02 0.000000e+00 0.000000e+00 0.000000e+00 1.000000e+00 0.000000e+00
R0_rect: 1.000000e+00 0.000000e+00 0.000000e+00 0.000000e+00 1.000000e+00 0.000000e+00 0.000000e+00 0.000000e+00 1.000000e+00
Tr_velo_to_cam_0: -6.069580e-03 -9.999555e-01 7.218148e-03 -3.073328e-02 8.407546e-03 -7.269056e-03 -9.999382e-01 2.102012e+00 9.999462e-01 -6.008518e-03 8.451292e-03 -1.561557e+00
Tr_velo_to_cam_1: 7.010374e-01 -7.131210e-01 -2.230371e-03 -9.779471e-01 -5.626711e-05 3.072291e-03 -9.999953e-01 2.115072e+00 7.131245e-01 7.010342e-01 2.113665e-03 -1.138514e+00
Tr_velo_to_cam_2: -7.067175e-01 -7.072009e-01 2.042735e-02 9.429025e-01 -9.805688e-03 -1.907916e-02 -9.997699e-01 2.127877e+00 7.074279e-01 -7.067552e-01 6.548987e-03 -1.139017e+00
Tr_velo_to_cam_3: 9.998140e-01 -1.110997e-02 -1.576321e-02 -1.398365e+00 -1.596359e-02 -1.818405e-02 -9.997072e-01 2.139846e+00 1.082008e-02 9.997729e-01 -1.835803e-02 -9.229137e-02
Tr_velo_to_cam_4: -9.998959e-01 1.376785e-02 4.307820e-03 1.420049e+00 -4.254885e-03 3.871751e-03 -9.999835e-01 2.122330e+00 -1.378430e-02 -9.998977e-01 -3.812767e-03 -8.812247e-02
