P0: 2.052363e+03 0.000000e+00 9.655359e+02 0.000000e+00 0.000000e+00 2.052363e+03 6.351096e+02 0.000000e+00 0.000000e+00 0.000000e+00 1.000000e+00 0.000000e+00
P1: 2.049562e+03 0.000000e+00 9.843093e+02 0.000000e+00 0.000000e+00 2.049562e+03 6.513529e+02 0.000000e+00 0.000000e+00 0.000000e+00 1.000000e+00 0.000000e+00
P2: 2.054835e+03 0.000000e+00 9.622106e+02 0.000000e+00 0.000000e+00 2.054835e+03 6.320253e+02 0.000000e+00 0.000000e+00 0.000000e+00 1.000000e+00 0.000000e+00
P3: 2.055770e+03 0.000000e+00 9.847515e+02 0.000000e+00 0.000000e+00 2.055770e+03 2.555773e+02 0.000000e+00 0.000000e+00 0.000000e+00 1.000000e+00 0.000000e+00
P4: 2.041479e+03 0.000000e+00 9.760040e+02 0.000000e+00 0.000000e+00 2.041479e+03 2.564723e+02 0.000000e+00 0.000000e+00 0.000000e+00 1.000000e+00 0.000000e+00
R0_rect: 1.000000e+00 0.000000e+00 0.000000e+00 0.000000e+00 1.000000e+00 0.000000e+00 0.000000e+00 0.000000e+00 1.000000e+00
Tr_velo_to_cam_0: -3.693273e-03 -9.999767e-01 -5.747485e-03 -6.609933e-03 -7.082751e-04 5.750138e-03 -9.999832e-01 2.117144e+00 9.999929e-01 -3.689140e-03 -7.294954e-04 -1.537694e+00
Tr_velo_to_cam_1: 6.916560e-01 -7.219892e-01 1.853791e-02 -1.006604e+00 -1.134981e-03 -2.675425e-02 -9.996414e-01 2.119120e+00 7.222262e-01 6.913869e-01 -1.932418e-02 -1.101467e+00
Tr_velo_to_cam_2: -7.059474e-01 -7.081681e-01 -1.167315e-02 1.009787e+00 7.142864e-03 9.361983e-03 -9.999307e-01 2.105861e+00 7.082283e-01 -7.059818e-01 -1.550719e-03 -1.118527e+00
Tr_velo_to_cam_3: 9.997556e-01 -1.876111e-02 1.169120e-02 -1.455159e+00 1.105577e-02 -3.362296e-02 -9.993734e-01 2.102058e+00 1.914245e-02 9.992585e-01 -3.340732e-02 -6.802511e-02
Tr_velo_to_cam_4: -9.999874e-01 4.958387e-03 -7.848231e-04 1.430084e+00 8.678926e-04 1.677345e-02 -9.998589e-01 2.115851e+00 -4.944523e-03 -9.998470e-01 -1.677754e-02 -6.882222e-02
