P0: 2.079988e+03 0.000000e+00 9.483941e+02 0.000000e+00 0.000000e+00 2.079988e+03 6.564087e+02 0.000000e+00 0.000000e+00 0.000000e+00 1.000000e+00 0.000000e+00
P1: 2.082685e+03 0.000000e+00 9.845364e+02 0.000000e+00 0.000000e+00 2.082685e+03 6.432757e+02 0.000000e+00 0.000000e+00 0.000000e+00 1.000000e+00 0.000000e+00
P2: 2.086649e+03 0.000000e+00 9.482397e+02 0.000000e+00 0.000000e+00 2.086649e+03 6.444827e+02 0.000000e+00 0.000000e+00 0.000000e+00 1.000000e+00 0.000000e+00
P3: 2.076155e+03 0.000000e+00 9.874171e+02 0.000000e+00 0.000000e+00 2.076155e+03 2.453104e+02 0.000000e+00 0.000000e+00 0.000000e+00 1.000000e+00 0.000000e+00
P4: 2.074010e+03 0.000000e+00 9.962222e+02 0.000000e+00 0.000000e+00 2.074010e+03 2.316190e+02 0.000000e+00 0.000000e+00 0.000000e+00 1.000000e+00 0.000000e+00
R0_rect: 1.000000e+00 0.000000e+00 0.000000e+00 0.000000e+00 1.000000e+00 0.000000e+00 0.000000e+00 0.000000e+00 1.000000e+00
Tr_velo_to_cam_0: -4.404015e-03 -9.999791e-01 4.727129e-03 -2.799374e-02 1.325534e-02 -4.785137e-03 -9.999007e-01 2.095118e+00 9.999024e-01 -4.340918e-03 1.327614e-02 -1.572039e+00
Tr_velo_to_cam_1: 6.995344e-01 -7.145240e-01 1.034664e-02 -1.002412e+00 3.507341e-03 -1.104572e-02 -9.999328e-01 2.111388e+00 7.145903e-01 6.995237e-01 -5.220784e-03 -1.125364e+00
Tr_velo_to_cam_2: -7.057129e-01 -7.083750e-01 1.319362e-02 9.568825e-01 -5.872895e-03 -1.277252e-02 -9.999012e-01 2.123172e+00 7.084735e-01 -7.057207e-01 4.853523e-03 -1.137117e+00
Tr_velo_to_cam_3: 9.999407e-01 -8.992150e-03 6.142571e-03 -1.445527e+00 6.075673e-03 -7.448178e-03 -9.999538e-01 2.107650e+00 9.037486e-03 9.999318e-01 -7.393103e-03 -1.130097e-01
Tr_velo_to_cam_4: -9.998831e-01 1.476624e-02 -3.964567e-03 1.438013e+00 3.844943e-03 -8.120746e-03 -9.999596e-01 2.109218e+00 -1.479784e-02 -9.998580e-01 8.063021e-03 -1.117354e-01
