P0: 2.079511e+03 0.000000e+00 9.539358e+02 0.000000e+00 0.000000e+00 2.079511e+03 6.615813e+02 0.000000e+00 0.000000e+00 0.000000e+00 1.000000e+00 0.000000e+00
P1: 2.080699e+03 0.000000e+00 9.773271e+02 0.000000e+00 0.000000e+00 2.080699e+03 6.324759e+02 0.000000e+00 0.000000e+00 0.000000e+00 1.000000e+00 0.000000e+00
P2: 2.080986e+03 0.000000e+00 9.412254e+02 0.000000e+00 0.000000e+00 2.080986e+03 6.556537e+02 0.000000e+00 0.000000e+00 0.000000e+00 1.000000e+00 0.000000e+00
P3: 2.093387e+03 0.000000e+00 1.000589e+03 0.000000e+00 0.000000e+00 2.093387e+03 2.481419e+02 0.000000e+00 0.000000e+00 0.000000e+00 1.000000e+00 0.000000e+00
P4: 2.088083e+03 0.000000e+00 9.783533e+02 0.000000e+00 0.000000e+00 2.088083e+03 2.482676e+02 0.000000e+00 0.000000e+00 0.000000e+00 1.000000e+00 0.000000e+00
R0_rect: 1.000000e+00 0.000000e+00 0.000000e+00 0.000000e+00 1.000000e+00 0.000000e+00 0.000000e+00 0.000000e+00 1.000000e+00
Tr_velo_to_cam_0: 4.412690e-05 -9.999968e-01 2.524875e-03 -2.957917e-02 9.393277e-03 -2.524349e-03 -9.999527e-01 2.101423e+00 9.999559e-01 6.784166e-05 9.393136e-03 -1.564037e+00
Tr_velo_to_cam_1: 7.051511e-01 -7.089623e-01 1.159388e-02 -1.013353e+00 1.190229e-02 -4.513682e-03 -9.999190e-01 2.097984e+00 7.089572e-01 7.052320e-01 5.255448e-03 -1.139407e+00
Tr_velo_to_cam_2: -7.049350e-01 -7.092552e-01 4.874009e-03 9.739582e-01 2.742213e-03 -9.597178e-03 -9.999502e-01 2.111046e+00 7.092666e-01 -7.048865e-01 8.710315e-03 -1.146731e+00
Tr_velo_to_cam_3: 9.999683e-01 -4.058569e-03 6.857061e-03 -1.446895e+00 6.814191e-03 -1.048401e-02 -9.999218e-01 2.106568e+00 4.130141e-03 9.999368e-01 -1.045602e-02 -9.933214e-02
Tr_velo_to_cam_4: -9.999398e-01 9.490788e-03 -5.511677e-03 1.441647e+00 5.504951e-03 -7.346244e-04 -9.999846e-01 2.108064e+00 -9.494691e-03 -9.999547e-01 6.823338e-04 -1.038915e-01
