P0: 2.055556e+03 0.000000e+00 9.396575e+02 0.000000e+00 0.000000e+00 2.055556e+03 6.410722e+02 0.000000e+00 0.000000e+00 0.000000e+00 1.000000e+00 0.000000e+00
P1: 2.063701e+03 0.000000e+00 9.707315e+02 0.000000e+00 0.000000e+00 2.063701e+03 6.399082e+02 0.000000e+00 0.000000e+00 0.000000e+00 1.000000e+00 0.000000e+00
P2: 2.056089e+03 0.000000e+00 9.357437e+02 0.000000e+00 0.000000e+00 2.056089e+03 6.244064e+02 0.000000e+00 0.000000e+00 0.000000e+00 1.000000e+00 0.000000e+00
P3: 2.066835e+03 0.000000e+00 9.528608e+02 0.000000e+00 0.000000e+00 2.066835e+03 2.494986e+02 0.000000e+00 0.000000e+00 0.000000e+00 1.000000e+00 0.000000e+00
P4: 2.054798e+03 0.000000e+00 9.727435e+02 0.000000e+00 0.000000e+00 2.054798e+03 2.424987e+02 0.000000e+00 0.000000e+00 0.000000e+00 1.000000e+00 0.000000e+00
R0_rect: 1.000000e+00 0.000000e+00 0.000000e+00 0.000000e+00 1.000000e+00 0.000000e+00 0.000000e+00 0.000000e+00 1.000000e+00
Tr_velo_to_cam_0: 5.993208e-03 -9.999752e-01 -3.710623e-03 -2.500741e-02 -1.336787e-02 3.630241e-03 -9.999041e-01 2.135725e+00 9.998927e-01 6.042237e-03 -1.334578e-02 -1.510376e+00
Tr_velo_to_cam_1: 6.976495e-01 -7.164356e-01 -2.264828e-03 -9.708951e-01 -1.125146e-02 -7.795480e-03 -9.999063e-01 2.132527e+00 7.163508e-01 6.976097e-01 -1.349946e-02 -1.105033e+00
Tr_velo_to_cam_2: -6.975019e-01 -7.165755e-01 -3.243088e-03 9.791080e-01 6.465717e-04 3.896418e-03 -9.999922e-01 2.114878e+00 7.165826e-01 -6.974986e-01 -2.254441e-03 -1.128638e+00
Tr_velo_to_cam_3: 9.999536e-01 -1.493317e-03 -9.512940e-03 -1.411140e+00 -9.541769e-03 -2.065851e-02 -9.997411e-01 2.130741e+00 1.296407e-03 9.997855e-01 -2.067180e-02 -6.939001e-02
Tr_velo_to_cam_4: -9.999978e-01 1.929604e-03 -8.491352e-04 1.430380e+00 8.544490e-04 2.754663e-03 -9.999958e-01 2.114747e+00 -1.927257e-03 -9.999943e-01 -2.756306e-03 -1.029071e-01
