P0: 2.049873e+03 0.000000e+00 9.643668e+02 0.000000e+00 0.000000e+00 2.049873e+03 6.445162e+02 0.000000e+00 0.000000e+00 0.000000e+00 1.000000e+00 0.000000e+00
P1: 2.054626e+03 0.000000e+00 9.673179e+02 0.000000e+00 0.000000e+00 2.054626e+03 6.423396e+02 0.000000e+00 0.000000e+00 0.000000e+00 1.000000e+00 0.000000e+00
P2: 2.046392e+03 0.000000e+00 9.397431e+02 0.000000e+00 0.000000e+00 2.046392e+03 6.494198e+02 0.000000e+00 0.000000e+00 0.000000e+00 1.000000e+00 0.000000e+00
P3: 2.064950e+03 0.000000e+00 9.392048e+02 0.000000e+00 0.000000e+00 2.064950e+03 2.615197e+02 0.000000e+00 0.000000e+00 0.000000e+00 1.000000e+00 0.000000e+00
P4: 2.054193e+03 0.000000e+00 9.704506e+02 0.000000e+00 0.000000e+00 2.054193e+03 2.538807e+02 0.000000e+00 0.000000e+00 0.000000e+00 1.000000e+00 0.000000e+00
R0_rect: 1.000000e+00 0.000000e+00 0.000000e+00 0.000000e+00 1.000000e+00 0.000000e+00 0.000000e+00 0.000000e+00 1.000000e+00
Tr_velo_to_cam_0: -9.703265e-03 -9.999407e-01 4.944332e-03 -1.985075e-02 -1.072251e-02 -4.840234e-03 -9.999308e-01 2.131721e+00 9.998954e-01 -9.755609e-03 -1.067491e-02 -1.516391e+00
Tr_velo_to_cam_1: 6.964871e-01 -7.174955e-01 1.029699e-02 -9.963903e-01 -5.226617e-03 -1.942197e-02 -9.997977e-01 2.124384e+00 7.175503e-01 6.962923e-01 -1.727722e-02 -1.098874e+00
Tr_velo_to_cam_2: -7.009164e-01 -7.132342e-01 3.620850e-03 9.694022e-01 -1.482217e-02 9.490305e-03 -9.998451e-01 2.138343e+00 7.130894e-01 -7.008615e-01 -1.722359e-02 -1.092068e+00
Tr_velo_to_cam_3: 9.999569e-01 -8.266406e-03 -4.216493e-03 -1.422351e+00 -4.501564e-03 -3.477580e-02 -9.993850e-01 2.124236e+00 8.114690e-03 9.993610e-01 -3.481151e-02 -4.912300e-02
Tr_velo_to_cam_4: -9.999897e-01 2.194965e-03 3.960429e-03 1.419705e+00 -3.935362e-03 1.130885e-02 -9.999283e-01 2.122507e+00 -2.239596e-03 -9.999336e-01 -1.130010e-02 -8.443633e-02
