P0: 2.056282e+03 0.000000e+00 9.395780e+02 0.000000e+00 0.000000e+00 2.056282e+03 6.411031e+02 0.000000e+00 0.000000e+00 0.000000e+00 1.000000e+00 0.000000e+00
P1: 2.063914e+03 0.000000e+00 9.787599e+02 0.000000e+00 0.000000e+00 2.063914e+03 6.393124e+02 0.000000e+00 0.000000e+00 0.000000e+00 1.000000e+00 0.000000e+00
P2: 2.065532e+03 0.000000e+00 9.323535e+02 0.000000e+00 0.000000e+00 2.065532e+03 6.457394e+02 0.000000e+00 0.000000e+00 0.000000e+00 1.000000e+00 0.000000e+00
P3: 2.062220e+03 0.000000e+00 9.742668e+02 0.000000e+00 0.000000e+00 2.062220e+03 2.380947e+02 0.000000e+00 0.000000e+00 0.000000e+00 1.000000e+00 0.000000e+00
P4: 2.057375e+03 0.000000e+00 9.587077e+02 0.000000e+00 0.000000e+00 2.057375e+03 2.628829e+02 0.000000e+00 0.000000e+00 0.000000e+00 1.000000e+00 0.000000e+00
R0_rect: 1.000000e+00 0.000000e+00 0.000000e+00 0.000000e+00 1.000000e+00 0.000000e+00 0.000000e+00 0.000000e+00 1.000000e+00
Tr_velo_to_cam_0: 6.126491e-03 -9.999681e-01 -5.115841e-03 -2.354295e-02 -1.702624e-02 5.010884e-03 -9.998425e-01 2.141329e+00 9.998363e-01 6.212629e-03 -1.699500e-02 -1.502310e+00
Tr_velo_to_cam_1: 6.961137e-01 -7.179313e-01 -5.480035e-04 -9.733967e-01 -1.341461e-02 -1.224376e-02 -9.998351e-01 2.135917e+00 7.178062e-01 6.960063e-01 -1.815382e-02 -1.097408e+00
Tr_velo_to_cam_2: -6.942976e-01 -7.196871e-01 -1.149976e-03 9.683534e-01 -8.042359e-03 9.356399e-03 -9.999239e-01 2.128341e+00 7.196431e-01 -6.942355e-01 -1.228411e-02 -1.111461e+00
Tr_velo_to_cam_3: 9.999470e-01 -8.952114e-03 -5.087351e-03 -1.420927e+00 -5.239913e-03 -1.710195e-02 -9.998400e-01 2.124252e+00 8.863679e-03 9.998137e-01 -1.714795e-02 -8.757738e-02
Tr_velo_to_cam_4: -9.999853e-01 -5.429554e-03 -5.290586e-05 1.426637e+00 -4.687748e-05 1.837604e-02 -9.998311e-01 2.117578e+00 5.429609e-03 -9.998164e-01 -1.837603e-02 -8.040697e-02
