P0: 2.073359e+03 0.000000e+00 9.177001e+02 0.000000e+00 0.000000e+00 2.073359e+03 6.541042e+02 0.000000e+00 0.000000e+00 0.000000e+00 1.000000e+00 0.000000e+00
P1: 2.082247e+03 0.000000e+00 9.909311e+02 0.000000e+00 0.000000e+00 2.082247e+03 6.437601e+02 0.000000e+00 0.000000e+00 0.000000e+00 1.000000e+00 0.000000e+00
P2: 2.077988e+03 0.000000e+00 9.628019e+02 0.000000e+00 0.000000e+00 2.077988e+03 6.522405e+02 0.000000e+00 0.000000e+00 0.000000e+00 1.000000e+00 0.000000e+00
P3: 2.078180e+03 0.000000e+00 9.725429e+02 0.000000e+00 0.000000e+00 2.078180e+03 2.565643e+02 0.000000e+00 0.000000e+00 0.000000e+00 1.000000e+00 0.000000e+00
P4: 2.081738e+03 0.000000e+00 9.667420e+02 0.000000e+00 0.000000e+00 2.081738e+03 2.348209e+02 0.000000e+00 0.000000e+00 0.000000e+00 1.000000e+00 0.000000e+00
R0_rect: 1.000000e+00 0.000000e+00 0.000000e+00 0.000000e+00 1.000000e+00 0.000000e+00 0.000000e+00 0.000000e+00 1.000000e+00
Tr_velo_to_cam_0: 6.968159e-03 -9.999723e-01 -2.614123e-03 -2.924345e-02 -1.516004e-03 2.603619e-03 -9.999955e-01 2.118010e+00 9.999746e-01 6.972090e-03 -1.497820e-03 -1.540604e+00
Tr_velo_to_cam_1: 7.062427e-01 -7.079575e-01 4.172146e-03 -9.994792e-01 8.752058e-03 2.837894e-03 -9.999577e-01 2.103376e+00 7.079157e-01 7.062493e-01 8.200327e-03 -1.144965e+00
Tr_velo_to_cam_2: -7.125998e-01 -7.015436e-01 -6.169182e-03 1.009332e+00 -5.081886e-04 9.309541e-03 -9.999565e-01 2.116279e+00 7.015706e-01 -7.125657e-01 -6.990493e-03 -1.101841e+00
Tr_velo_to_cam_3: 9.999479e-01 -2.752751e-03 9.834159e-03 -1.454099e+00 9.822630e-03 -4.170644e-03 -9.999431e-01 2.103241e+00 2.793609e-03 9.999875e-01 -4.143387e-03 -1.117275e-01
Tr_velo_to_cam_4: -9.999908e-01 1.916744e-03 -3.844532e-03 1.436387e+00 3.875129e-03 1.622355e-02 -9.998609e-01 2.110419e+00 -1.854105e-03 -9.998666e-01 -1.623083e-02 -7.803487e-02
