P0: 2.069515e+03 0.000000e+00 9.078860e+02 0.000000e+00 0.000000e+00 2.069515e+03 6.519126e+02 0.000000e+00 0.000000e+00 0.000000e+00 1.000000e+00 0.000000e+00
P1: 2.080036e+03 0.000000e+00 9.926004e+02 0.000000e+00 0.000000e+00 2.080036e+03 6.357611e+02 0.000000e+00 0.000000e+00 0.000000e+00 1.000000e+00 0.000000e+00
P2: 2.073030e+03 0.000000e+00 9.526969e+02 0.000000e+00 0.000000e+00 2.073030e+03 6.490527e+02 0.000000e+00 0.000000e+00 0.000000e+00 1.000000e+00 0.000000e+00
P3: 2.075612e+03 0.000000e+00 9.555997e+02 0.000000e+00 0.000000e+00 2.075612e+03 2.536254e+02 0.000000e+00 0.000000e+00 0.000000e+00 1.000000e+00 0.000000e+00
P4: 2.078042e+03 0.000000e+00 9.554641e+02 0.000000e+00 0.000000e+00 2.078042e+03 2.374208e+02 0.000000e+00 0.000000e+00 0.000000e+00 1.000000e+00 0.000000e+00
R0_rect: 1.000000e+00 0.000000e+00 0.000000e+00 0.000000e+00 1.000000e+00 0.000000e+00 0.000000e+00 0.000000e+00 1.000000e+00
Tr_velo_to_cam_0: 1.245509e-02 -9.998869e-01 8.425959e-03 -6.190107e-02 1.562050e-04 -8.424667e-03 -9.999645e-01 2.115356e+00 9.999224e-01 1.245596e-02 5.125742e-05 -1.543640e+00
Tr_velo_to_cam_1: 7.059226e-01 -7.081995e-01 1.126251e-02 -1.014509e+00 1.033937e-02 -5.595795e-03 -9.999309e-01 2.100455e+00 7.082135e-01 7.059902e-01 3.372139e-03 -1.134492e+00
Tr_velo_to_cam_2: -7.084873e-01 -7.057175e-01 2.934614e-03 9.829385e-01 1.156159e-03 -5.318976e-03 -9.999852e-01 2.113687e+00 7.057226e-01 -7.084734e-01 4.584349e-03 -1.132762e+00
Tr_velo_to_cam_3: 9.999463e-01 5.895521e-03 8.526867e-03 -1.452210e+00 8.610244e-03 -1.426470e-02 -9.998612e-01 2.104434e+00 -5.773070e-03 9.998809e-01 -1.431469e-02 -7.702966e-02
Tr_velo_to_cam_4: -9.999807e-01 -4.351825e-03 -4.440131e-03 1.436953e+00 4.428544e-03 2.668604e-03 -9.999866e-01 2.109865e+00 4.363616e-03 -9.999870e-01 -2.649280e-03 -1.165521e-01
