P0: 2.071393e+03 0.000000e+00 9.523806e+02 0.000000e+00 0.000000e+00 2.071393e+03 6.538670e+02 0.000000e+00 0.000000e+00 0.000000e+00 1.000000e+00 0.000000e+00
P1: 2.072790e+03 0.000000e+00 9.877626e+02 0.000000e+00 0.000000e+00 2.072790e+03 6.266310e+02 0.000000e+00 0.000000e+00 0.000000e+00 1.000000e+00 0.000000e+00
P2: 2.095665e+03 0.000000e+00 9.379210e+02 0.000000e+00 0.000000e+00 2.095665e+03 6.557673e+02 0.000000e+00 0.000000e+00 0.000000e+00 1.000000e+00 0.000000e+00
P3: 2.076085e+03 0.000000e+00 1.013338e+03 0.000000e+00 0.000000e+00 2.076085e+03 2.485975e+02 0.000000e+00 0.000000e+00 0.000000e+00 1.000000e+00 0.000000e+00
P4: 2.065314e+03 0.000000e+00 9.705448e+02 0.000000e+00 0.000000e+00 2.065314e+03 2.424618e+02 0.000000e+00 0.000000e+00 0.000000e+00 1.000000e+00 0.000000e+00
R0_rect: 1.000000e+00 0.000000e+00 0.000000e+00 0.000000e+00 1.000000e+00 0.000000e+00 0.000000e+00 0.000000e+00 1.000000e+00
Tr_velo_to_cam_0: 3.288118e-03 -9.999941e-01 9.518330e-04 -3.106388e-02 -1.520135e-03 -9.568355e-04 -9.999984e-01 2.117957e+00 9.999934e-01 3.286666e-03 -1.523272e-03 -1.540688e+00
Tr_velo_to_cam_1: 7.044555e-01 -7.097167e-01 -6.675595e-03 -9.733152e-01 -2.608489e-03 6.816596e-03 -9.999734e-01 2.118895e+00 7.097433e-01 7.044542e-01 2.950701e-03 -1.135673e+00
Tr_velo_to_cam_2: -6.998570e-01 -7.142216e-01 9.361734e-03 9.563667e-01 -8.971435e-03 -4.315955e-03 -9.999504e-01 2.128492e+00 7.142266e-01 -6.999064e-01 -3.387041e-03 -1.127713e+00
Tr_velo_to_cam_3: 9.998831e-01 2.323637e-03 1.511063e-02 -1.464820e+00 1.515302e-02 -1.945926e-02 -9.996958e-01 2.095610e+00 -2.028888e-03 9.998080e-01 -1.949219e-02 -7.162554e-02
Tr_velo_to_cam_4: -9.999750e-01 -3.560354e-03 -6.114795e-03 1.441179e+00 6.065561e-03 1.367869e-02 -9.998880e-01 2.108297e+00 3.643597e-03 -9.999001e-01 -1.365675e-02 -9.206547e-02
