P0: 2.078300e+03 0.000000e+00 9.348157e+02 0.000000e+00 0.000000e+00 2.078300e+03 6.545159e+02 0.000000e+00 0.000000e+00 0.000000e+00 1.000000e+00 0.000000e+00
P1: 2.080717e+03 0.000000e+00 1.007014e+03 0.000000e+00 0.000000e+00 2.080717e+03 6.469847e+02 0.000000e+00 0.000000e+00 0.000000e+00 1.000000e+00 0.000000e+00
P2: 2.069201e+03 0.000000e+00 9.212741e+02 0.000000e+00 0.000000e+00 2.069201e+03 6.388598e+02 0.000000e+00 0.000000e+00 0.000000e+00 1.000000e+00 0.000000e+00
P3: 2.067521e+03 0.000000e+00 9.716626e+02 0.000000e+00 0.000000e+00 2.067521e+03 2.551782e+02 0.000000e+00 0.000000e+00 0.000000e+00 1.000000e+00 0.000000e+00
P4: 2.074744e+03 0.000000e+00 1.013891e+03 0.000000e+00 0.000000e+00 2.074744e+03 2.382768e+02 0.000000e+00 0.000000e+00 0.000000e+00 1.000000e+00 0.000000e+00
R0_rect: 1.000000e+00 0.000000e+00 0.000000e+00 0.000000e+00 1.000000e+00 0.000000e+00 0.000000e+00 0.000000e+00 1.000000e+00
Tr_velo_to_cam_0: -3.990360e-04 -9.999997e-01 -6.321407e-04 -2.345754e-02 9.591709e-04 6.317577e-04 -9.999993e-01 2.113902e+00 9.999995e-01 -3.996421e-04 9.589185e-04 -1.545564e+00
Tr_velo_to_cam_1: 7.050341e-01 -7.091492e-01 5.857029e-03 -1.001925e+00 1.361652e-03 -6.905279e-03 -9.999752e-01 2.113546e+00 7.091721e-01 7.050246e-01 -3.902843e-03 -1.120151e+00
Tr_velo_to_cam_2: -7.098006e-01 -7.043767e-01 6.042957e-03 9.776936e-01 -5.921856e-04 -7.982134e-03 -9.999680e-01 2.115916e+00 7.044024e-01 -7.097815e-01 5.248602e-03 -1.132113e+00
Tr_velo_to_cam_3: 9.999876e-01 -7.768116e-05 -4.979422e-03 -1.423068e+00 -4.979907e-03 -8.619134e-03 -9.999505e-01 2.123154e+00 3.475901e-05 9.999629e-01 -8.619414e-03 -9.723686e-02
Tr_velo_to_cam_4: -9.999592e-01 9.020754e-03 -5.155259e-04 1.429419e+00 4.296629e-04 -9.517730e-03 -9.999546e-01 2.114386e+00 -9.025251e-03 -9.999140e-01 9.513466e-03 -1.233240e-01
