P0: 2.084604e+03 0.000000e+00 9.334068e+02 0.000000e+00 0.000000e+00 2.084604e+03 6.650223e+02 0.000000e+00 0.000000e+00 0.000000e+00 1.000000e+00 0.000000e+00
P1: 2.079596e+03 0.000000e+00 1.011360e+03 0.000000e+00 0.000000e+00 2.079596e+03 6.302126e+02 0.000000e+00 0.000000e+00 0.000000e+00 1.000000e+00 0.000000e+00
P2: 2.086823e+03 0.000000e+00 9.296899e+02 0.000000e+00 0.000000e+00 2.086823e+03 6.699317e+02 0.000000e+00 0.000000e+00 0.000000e+00 1.000000e+00 0.000000e+00
P3: 2.087010e+03 0.000000e+00 9.767289e+02 0.000000e+00 0.000000e+00 2.087010e+03 2.447463e+02 0.000000e+00 0.000000e+00 0.000000e+00 1.000000e+00 0.000000e+00
P4: 2.089296e+03 0.000000e+00 1.000145e+03 0.000000e+00 0.000000e+00 2.089296e+03 2.350309e+02 0.000000e+00 0.000000e+00 0.000000e+00 1.000000e+00 0.000000e+00
R0_rect: 1.000000e+00 0.000000e+00 0.000000e+00 0.000000e+00 1.000000e+00 0.000000e+00 0.000000e+00 0.000000e+00 1.000000e+00
Tr_velo_to_cam_0: -4.588266e-03 -9.999632e-01 7.244004e-03 -3.139707e-02 -3.413667e-03 -7.228376e-03 -9.999680e-01 2.120648e+00 9.999836e-01 -4.612848e-03 -3.380376e-03 -1.537084e+00
Tr_velo_to_cam_1: 7.005018e-01 -7.134813e-01 1.554492e-02 -1.013163e+00 1.403341e-02 -8.006472e-03 -9.998695e-01 2.094956e+00 7.135126e-01 7.006285e-01 4.404025e-03 -1.143731e+00
Tr_velo_to_cam_2: -7.017170e-01 -7.123597e-01 1.170213e-02 9.551945e-01 -1.394785e-02 -2.686160e-03 -9.998991e-01 2.136135e+00 7.123193e-01 -7.018094e-01 -8.050961e-03 -1.115441e+00
Tr_velo_to_cam_3: 9.999678e-01 -7.023047e-03 3.884315e-03 -1.439104e+00 3.714921e-03 -2.397391e-02 -9.997057e-01 2.112319e+00 7.114102e-03 9.996879e-01 -2.394705e-02 -7.517157e-02
Tr_velo_to_cam_4: -9.999831e-01 5.703278e-03 -1.156327e-03 1.432694e+00 1.199549e-03 7.580869e-03 -9.999705e-01 2.114941e+00 -5.694344e-03 -9.999550e-01 -7.587582e-03 -9.170210e-02
