P0: 2.072184e+03 0.000000e+00 9.492257e+02 0.000000e+00 0.000000e+00 2.072184e+03 6.484529e+02 0.000000e+00 0.000000e+00 0.000000e+00 1.000000e+00 0.000000e+00
P1: 2.070855e+03 0.000000e+00 9.977304e+02 0.000000e+00 0.000000e+00 2.070855e+03 6.452134e+02 0.000000e+00 0.000000e+00 0.000000e+00 1.000000e+00 0.000000e+00
P2: 2.070345e+03 0.000000e+00 9.624438e+02 0.000000e+00 0.000000e+00 2.070345e+03 6.454259e+02 0.000000e+00 0.000000e+00 0.000000e+00 1.000000e+00 0.000000e+00
P3: 2.062986e+03 0.000000e+00 9.738396e+02 0.000000e+00 0.000000e+00 2.062986e+03 2.444918e+02 0.000000e+00 0.000000e+00 0.000000e+00 1.000000e+00 0.000000e+00
P4: 2.071493e+03 0.000000e+00 9.884786e+02 0.000000e+00 0.000000e+00 2.071493e+03 2.389454e+02 0.000000e+00 0.000000e+00 0.000000e+00 1.000000e+00 0.000000e+00
R0_rect: 1.000000e+00 0.000000e+00 0.000000e+00 0.000000e+00 1.000000e+00 0.000000e+00 0.000000e+00 0.000000e+00 1.000000e+00
Tr_velo_to_cam_0: 2.866753e-03 -9.999239e-01 1.199802e-02 -5.445271e-02 1.427213e-02 -1.195594e-02 -9.998267e-01 2.093667e+00 9.998940e-01 3.037494e-03 1.423677e-02 -1.574188e+00
Tr_velo_to_cam_1: 6.996456e-01 -7.142520e-01 1.844369e-02 -1.019751e+00 1.425853e-02 -1.185101e-02 -9.998281e-01 2.095331e+00 7.143478e-01 6.997883e-01 1.892681e-03 -1.140194e+00
Tr_velo_to_cam_2: -7.090612e-01 -7.051455e-01 1.409986e-03 9.874852e-01 5.064448e-03 -7.092062e-03 -9.999620e-01 2.107833e+00 7.051287e-01 -7.090271e-01 8.599879e-03 -1.140635e+00
Tr_velo_to_cam_3: 9.998340e-01 -1.461975e-03 1.815997e-02 -1.471723e+00 1.813575e-02 -1.515531e-02 -9.997207e-01 2.090689e+00 1.736787e-03 9.998841e-01 -1.512628e-02 -8.613648e-02
Tr_velo_to_cam_4: -9.999463e-01 9.358398e-03 4.462143e-03 1.420118e+00 -4.435906e-03 2.822475e-03 -9.999862e-01 2.122445e+00 -9.370863e-03 -9.999522e-01 -2.780810e-03 -9.660044e-02
