P0: 2.087476e+03 0.000000e+00 9.429077e+02 0.000000e+00 0.000000e+00 2.087476e+03 6.512327e+02 0.000000e+00 0.000000e+00 0.000000e+00 1.000000e+00 0.000000e+00
P1: 2.077005e+03 0.000000e+00 9.844531e+02 0.000000e+00 0.000000e+00 2.077005e+03 6.327787e+02 0.000000e+00 0.000000e+00 0.000000e+00 1.000000e+00 0.000000e+00
P2: 2.068610e+03 0.000000e+00 9.234167e+02 0.000000e+00 0.000000e+00 2.068610e+03 6.426913e+02 0.000000e+00 0.000000e+00 0.000000e+00 1.000000e+00 0.000000e+00
P3: 2.067602e+03 0.000000e+00 9.922612e+02 0.000000e+00 0.000000e+00 2.067602e+03 2.402986e+02 0.000000e+00 0.000000e+00 0.000000e+00 1.000000e+00 0.000000e+00
P4: 2.080126e+03 0.000000e+00 9.719832e+02 0.000000e+00 0.000000e+00 2.080126e+03 2.246839e+02 0.000000e+00 0.000000e+00 0.000000e+00 1.000000e+00 0.000000e+00
R0_rect: 1.000000e+00 0.000000e+00 0.000000e+00 0.000000e+00 1.000000e+00 0.000000e+00 0.000000e+00 0.000000e+00 1.000000e+00
Tr_velo_to_cam_0: 8.946674e-03 -9.999292e-01 7.844431e-03 -5.365916e-02 5.803043e-03 -7.792695e-03 -9.999528e-01 2.106360e+00 9.999431e-01 8.991774e-03 5.732914e-03 -1.555961e+00
Tr_velo_to_cam_1: 7.073876e-01 -7.066429e-01 1.608223e-02 -1.025324e+00 1.941566e-02 -3.318104e-03 -9.998060e-01 2.086248e+00 7.065592e-01 7.075626e-01 1.137275e-02 -1.148696e+00
Tr_velo_to_cam_2: -7.003558e-01 -7.137805e-01 4.382790e-03 9.684177e-01 5.125040e-03 -1.116844e-02 -9.999245e-01 2.106907e+00 7.137755e-01 -7.002805e-01 1.148003e-02 -1.158801e+00
Tr_velo_to_cam_3: 9.999801e-01 -4.685025e-03 4.215733e-03 -1.440130e+00 4.206039e-03 -2.077262e-03 -9.999890e-01 2.109611e+00 4.693731e-03 9.999869e-01 -2.057515e-03 -1.180053e-01
Tr_velo_to_cam_4: -9.999932e-01 -2.839776e-03 2.345172e-03 1.424243e+00 -2.306507e-03 -1.354283e-02 -9.999056e-01 2.117438e+00 2.871268e-03 -9.999043e-01 1.353619e-02 -1.486786e-01
