P0: 2.070916e+03 0.000000e+00 9.564405e+02 0.000000e+00 0.000000e+00 2.070916e+03 6.448512e+02 0.000000e+00 0.000000e+00 0.000000e+00 1.000000e+00 0.000000e+00
P1: 2.079918e+03 0.000000e+00 9.702423e+02 0.000000e+00 0.000000e+00 2.079918e+03 6.312505e+02 0.000000e+00 0.000000e+00 0.000000e+00 1.000000e+00 0.000000e+00
P2: 2.088019e+03 0.000000e+00 9.521703e+02 0.000000e+00 0.000000e+00 2.088019e+03 6.699341e+02 0.000000e+00 0.000000e+00 0.000000e+00 1.000000e+00 0.000000e+00
P3: 2.075728e+03 0.000000e+00 9.890290e+02 0.000000e+00 0.000000e+00 2.075728e+03 2.505684e+02 0.000000e+00 0.000000e+00 0.000000e+00 1.000000e+00 0.000000e+00
P4: 2.086745e+03 0.000000e+00 9.910887e+02 0.000000e+00 0.000000e+00 2.086745e+03 2.398013e+02 0.000000e+00 0.000000e+00 0.000000e+00 1.000000e+00 0.000000e+00
R0_rect: 1.000000e+00 0.000000e+00 0.000000e+00 0.000000e+00 1.000000e+00 0.000000e+00 0.000000e+00 0.000000e+00 1.000000e+00
Tr_velo_to_cam_0: -2.578910e-03 -9.999950e-01 1.813030e-03 -2.349238e-02 6.980328e-03 -1.830993e-03 -9.999740e-01 2.104802e+00 9.999723e-01 -2.566188e-03 6.985015e-03 -1.558891e+00
Tr_velo_to_cam_1: 7.073722e-01 -7.067484e-01 1.145653e-02 -1.016015e+00 1.153235e-02 -4.666405e-03 -9.999226e-01 2.098758e+00 7.067472e-01 7.074496e-01 4.849586e-03 -1.135465e+00
Tr_velo_to_cam_2: -7.070850e-01 -7.070578e-01 9.999292e-03 9.668602e-01 -8.231497e-03 -5.909573e-03 -9.999487e-01 2.127237e+00 7.070806e-01 -7.071310e-01 -1.641574e-03 -1.121506e+00
Tr_velo_to_cam_3: 9.999180e-01 -9.871145e-03 8.160760e-03 -1.448458e+00 8.072952e-03 -8.902828e-03 -9.999278e-01 2.105053e+00 9.943086e-03 9.999116e-01 -8.822409e-03 -1.113843e-01
Tr_velo_to_cam_4: -9.998609e-01 8.753402e-03 1.419930e-02 1.399817e+00 -1.413351e-02 7.533462e-03 -9.998717e-01 2.136388e+00 -8.859249e-03 -9.999333e-01 -7.408697e-03 -8.740967e-02
