P0: 2.082677e+03 0.000000e+00 9.455213e+02 0.000000e+00 0.000000e+00 2.082677e+03 6.504692e+02 0.000000e+00 0.000000e+00 0.000000e+00 1.000000e+00 0.000000e+00
P1: 2.088960e+03 0.000000e+00 9.771544e+02 0.000000e+00 0.000000e+00 2.088960e+03 6.465875e+02 0.000000e+00 0.000000e+00 0.000000e+00 1.000000e+00 0.000000e+00
P2: 2.080712e+03 0.000000e+00 9.665684e+02 0.000000e+00 0.000000e+00 2.080712e+03 6.509808e+02 0.000000e+00 0.000000e+00 0.000000e+00 1.000000e+00 0.000000e+00
P3: 2.088612e+03 0.000000e+00 9.644593e+02 0.000000e+00 0.000000e+00 2.088612e+03 2.311744e+02 0.000000e+00 0.000000e+00 0.000000e+00 1.000000e+00 0.000000e+00
P4: 2.083212e+03 0.000000e+00 9.681937e+02 0.000000e+00 0.000000e+00 2.083212e+03 2.362323e+02 0.000000e+00 0.000000e+00 0.000000e+00 1.000000e+00 0.000000e+00
R0_rect: 1.000000e+00 0.000000e+00 0.000000e+00 0.000000e+00 1.000000e+00 0.000000e+00 0.000000e+00 0.000000e+00 1.000000e+00
Tr_velo_to_cam_0: 3.646192e-03 -9.999478e-01 9.542173e-03 -4.953505e-02 9.167083e-03 -9.508412e-03 -9.999128e-01 2.101303e+00 9.999513e-01 3.733348e-03 9.131935e-03 -1.563351e+00
Tr_velo_to_cam_1: 7.093429e-01 -7.048554e-01 3.389944e-03 -1.002175e+00 4.174007e-03 -6.087944e-04 -9.999911e-01 2.109427e+00 7.048512e-01 7.093507e-01 2.510227e-03 -1.127811e+00
Tr_velo_to_cam_2: -7.105073e-01 -7.034414e-01 1.869695e-02 9.539417e-01 -1.029336e-02 -1.617761e-02 -9.998161e-01 2.129316e+00 7.036146e-01 -7.105691e-01 4.253532e-03 -1.129301e+00
Tr_velo_to_cam_3: 9.999951e-01 -3.118420e-03 1.501842e-04 -1.432428e+00 1.579861e-04 2.501773e-03 -9.999969e-01 2.114988e+00 3.118035e-03 9.999920e-01 2.502254e-03 -1.254413e-01
Tr_velo_to_cam_4: -9.999829e-01 -4.045671e-03 4.222808e-03 1.419760e+00 -4.200152e-03 -5.592350e-03 -9.999755e-01 2.121123e+00 4.069188e-03 -9.999762e-01 5.575262e-03 -1.334974e-01
