P0: 2.084216e+03 0.000000e+00 9.826994e+02 0.000000e+00 0.000000e+00 2.084216e+03 6.473423e+02 0.000000e+00 0.000000e+00 0.000000e+00 1.000000e+00 0.000000e+00
P1: 2.075391e+03 0.000000e+00 9.854656e+02 0.000000e+00 0.000000e+00 2.075391e+03 6.371568e+02 0.000000e+00 0.000000e+00 0.000000e+00 1.000000e+00 0.000000e+00
P2: 2.082850e+03 0.000000e+00 9.593048e+02 0.000000e+00 0.000000e+00 2.082850e+03 6.524120e+02 0.000000e+00 0.000000e+00 0.000000e+00 1.000000e+00 0.000000e+00
P3: 2.080064e+03 0.000000e+00 9.805948e+02 0.000000e+00 0.000000e+00 2.080064e+03 2.456637e+02 0.000000e+00 0.000000e+00 0.000000e+00 1.000000e+00 0.000000e+00
P4: 2.073931e+03 0.000000e+00 9.670854e+02 0.000000e+00 0.000000e+00 2.073931e+03 2.434209e+02 0.000000e+00 0.000000e+00 0.000000e+00 1.000000e+00 0.000000e+00
R0_rect: 1.000000e+00 0.000000e+00 0.000000e+00 0.000000e+00 1.000000e+00 0.000000e+00 0.000000e+00 0.000000e+00 1.000000e+00
Tr_velo_to_cam_0: 3.048476e-03 -9.997997e-01 1.978184e-02 -6.922844e-02 2.483053e-02 -1.970015e-02 -9.994975e-01 2.075941e+00 9.996870e-01 3.538138e-03 2.476550e-02 -1.596199e+00
Tr_velo_to_cam_1: 7.087136e-01 -7.052181e-01 1.981204e-02 -1.035069e+00 2.328175e-02 -4.688414e-03 -9.997179e-01 2.081299e+00 7.051121e-01 7.089749e-01 1.309597e-02 -1.150804e+00
Tr_velo_to_cam_2: -7.058712e-01 -7.081912e-01 1.452782e-02 9.563336e-01 -9.079306e-03 -1.146222e-02 -9.998931e-01 2.127564e+00 7.082820e-01 -7.059277e-01 1.660969e-03 -1.130186e+00
Tr_velo_to_cam_3: 9.999551e-01 4.736356e-03 8.206626e-03 -1.449759e+00 8.213951e-03 -1.529203e-03 -9.999651e-01 2.104594e+00 -4.723641e-03 9.999876e-01 -1.568039e-03 -1.060449e-01
Tr_velo_to_cam_4: -9.999512e-01 -8.085198e-03 5.684237e-03 1.416826e+00 -5.799103e-03 1.425510e-02 -9.998816e-01 2.124769e+00 8.003211e-03 -9.998657e-01 -1.430129e-02 -9.663299e-02
