P0: 2.083219e+03 0.000000e+00 9.452587e+02 0.000000e+00 0.000000e+00 2.083219e+03 6.402910e+02 0.000000e+00 0.000000e+00 0.000000e+00 1.000000e+00 0.000000e+00
P1: 2.090831e+03 0.000000e+00 9.876162e+02 0.000000e+00 0.000000e+00 2.090831e+03 6.373149e+02 0.000000e+00 0.000000e+00 0.000000e+00 1.000000e+00 0.000000e+00
P2: 2.087324e+03 0.000000e+00 9.504485e+02 0.000000e+00 0.000000e+00 2.087324e+03 6.494944e+02 0.000000e+00 0.000000e+00 0.000000e+00 1.000000e+00 0.000000e+00
P3: 2.081340e+03 0.000000e+00 9.767208e+02 0.000000e+00 0.000000e+00 2.081340e+03 2.479406e+02 0.000000e+00 0.000000e+00 0.000000e+00 1.000000e+00 0.000000e+00
P4: 2.079385e+03 0.000000e+00 9.758963e+02 0.000000e+00 0.000000e+00 2.079385e+03 2.414391e+02 0.000000e+00 0.000000e+00 0.000000e+00 1.000000e+00 0.000000e+00
R0_rect: 1.000000e+00 0.000000e+00 0.000000e+00 0.000000e+00 1.000000e+00 0.000000e+00 0.000000e+00 0.000000e+00 1.000000e+00
Tr_velo_to_cam_0: 8.054569e-03 -9.999618e-01 3.386035e-03 -4.373310e-02 1.163253e-02 -3.292218e-03 -9.999269e-01 2.097535e+00 9.998999e-01 8.093368e-03 1.160557e-02 -1.568227e+00
Tr_velo_to_cam_1: 7.088310e-01 -7.053415e-01 7.200800e-03 -1.009799e+00 9.200354e-03 -9.626480e-04 -9.999572e-01 2.101827e+00 7.053183e-01 7.088670e-01 5.807037e-03 -1.135481e+00
Tr_velo_to_cam_2: -7.020928e-01 -7.117392e-01 2.220438e-02 9.326662e-01 -9.881921e-03 -2.144067e-02 -9.997213e-01 2.127868e+00 7.120169e-01 -7.021165e-01 8.019987e-03 -1.148836e+00
Tr_velo_to_cam_3: 9.998638e-01 5.997852e-03 1.537858e-02 -1.465888e+00 1.541022e-02 -5.265325e-03 -9.998674e-01 2.093806e+00 -5.916083e-03 9.999682e-01 -5.357036e-03 -9.588754e-02
Tr_velo_to_cam_4: -9.999696e-01 -1.195725e-04 7.795223e-03 1.412107e+00 -7.794563e-03 -4.777774e-03 -9.999582e-01 2.126265e+00 1.568113e-04 -9.999886e-01 4.776696e-03 -1.261837e-01
