P0: 2.079704e+03 0.000000e+00 9.315288e+02 0.000000e+00 0.000000e+00 2.079704e+03 6.477964e+02 0.000000e+00 0.000000e+00 0.000000e+00 1.000000e+00 0.000000e+00
P1: 2.072708e+03 0.000000e+00 9.808314e+02 0.000000e+00 0.000000e+00 2.072708e+03 6.426804e+02 0.000000e+00 0.000000e+00 0.000000e+00 1.000000e+00 0.000000e+00
P2: 2.067978e+03 0.000000e+00 9.480493e+02 0.000000e+00 0.000000e+00 2.067978e+03 6.556841e+02 0.000000e+00 0.000000e+00 0.000000e+00 1.000000e+00 0.000000e+00
P3: 2.079723e+03 0.000000e+00 1.009423e+03 0.000000e+00 0.000000e+00 2.079723e+03 2.470323e+02 0.000000e+00 0.000000e+00 0.000000e+00 1.000000e+00 0.000000e+00
P4: 2.062626e+03 0.000000e+00 9.717440e+02 0.000000e+00 0.000000e+00 2.062626e+03 2.514571e+02 0.000000e+00 0.000000e+00 0.000000e+00 1.000000e+00 0.000000e+00
R0_rect: 1.000000e+00 0.000000e+00 0.000000e+00 0.000000e+00 1.000000e+00 0.000000e+00 0.000000e+00 0.000000e+00 1.000000e+00
Tr_velo_to_cam_0: 1.784571e-02 -9.998288e-01 4.887243e-03 -6.235002e-02 1.037505e-03 -4.869501e-03 -9.999876e-01 2.114000e+00 9.998402e-01 1.785056e-02 9.504273e-04 -1.545291e+00
Tr_velo_to_cam_1: 7.094167e-01 -7.047892e-01 1.546632e-05 -9.959352e-01 3.176188e-03 3.175098e-03 -9.999899e-01 2.110788e+00 7.047821e-01 7.094096e-01 4.491011e-03 -1.132171e+00
Tr_velo_to_cam_2: -7.003073e-01 -7.138415e-01 -8.838492e-05 9.766213e-01 -1.350138e-03 1.448356e-03 -9.999980e-01 2.117746e+00 7.138402e-01 -7.003058e-01 -1.978079e-03 -1.130044e+00
Tr_velo_to_cam_3: 9.998677e-01 2.740661e-03 1.603252e-02 -1.467443e+00 1.606565e-02 -1.252709e-02 -9.997925e-01 2.093814e+00 -2.539252e-03 9.999178e-01 -1.256946e-02 -8.560330e-02
Tr_velo_to_cam_4: -9.999761e-01 -5.545357e-03 4.140697e-03 1.418772e+00 -4.260764e-03 2.181807e-02 -9.997529e-01 2.123586e+00 5.453644e-03 -9.997466e-01 -2.184118e-02 -7.724289e-02
