P0: 2.081253e+03 0.000000e+00 9.541304e+02 0.000000e+00 0.000000e+00 2.081253e+03 6.644924e+02 0.000000e+00 0.000000e+00 0.000000e+00 1.000000e+00 0.000000e+00
P1: 2.064942e+03 0.000000e+00 9.677272e+02 0.000000e+00 0.000000e+00 2.064942e+03 6.367232e+02 0.000000e+00 0.000000e+00 0.000000e+00 1.000000e+00 0.000000e+00
P2: 2.097505e+03 0.000000e+00 9.459650e+02 0.000000e+00 0.000000e+00 2.097505e+03 6.591323e+02 0.000000e+00 0.000000e+00 0.000000e+00 1.000000e+00 0.000000e+00
P3: 2.074621e+03 0.000000e+00 9.784578e+02 0.000000e+00 0.000000e+00 2.074621e+03 2.389949e+02 0.000000e+00 0.000000e+00 0.000000e+00 1.000000e+00 0.000000e+00
P4: 2.085951e+03 0.000000e+00 9.697094e+02 0.000000e+00 0.000000e+00 2.085951e+03 2.481466e+02 0.000000e+00 0.000000e+00 0.000000e+00 1.000000e+00 0.000000e+00
R0_rect: 1.000000e+00 0.000000e+00 0.000000e+00 0.000000e+00 1.000000e+00 0.000000e+00 0.000000e+00 0.000000e+00 1.000000e+00
Tr_velo_to_cam_0: 6.169028e-03 -9.999101e-01 1.190487e-02 -5.797733e-02 -1.731492e-03 -1.191576e-02 -9.999275e-01 2.117815e+00 9.999795e-01 6.147968e-03 -1.804845e-03 -1.540115e+00
Tr_velo_to_cam_1: 7.155564e-01 -6.984949e-01 9.155684e-03 -1.023608e+00 9.431335e-03 -3.445365e-03 -9.999496e-01 2.101255e+00 6.984913e-01 7.156067e-01 4.122386e-03 -1.121890e+00
Tr_velo_to_cam_2: -7.004181e-01 -7.132966e-01 2.494841e-02 9.250318e-01 -1.408335e-02 -2.113584e-02 -9.996774e-01 2.134290e+00 7.135938e-01 -7.005435e-01 4.758323e-03 -1.144430e+00
Tr_velo_to_cam_3: 9.998602e-01 6.314990e-03 1.548069e-02 -1.464877e+00 1.553920e-02 -9.323814e-03 -9.998358e-01 2.093650e+00 -6.169613e-03 9.999366e-01 -9.420641e-03 -8.672705e-02
Tr_velo_to_cam_4: -9.999136e-01 -1.064543e-02 7.717195e-03 1.411938e+00 -7.703231e-03 -1.352175e-03 -9.999694e-01 2.126952e+00 1.065554e-02 -9.999424e-01 1.270054e-03 -1.340048e-01
