P0: 2.050073e+03 0.000000e+00 9.572985e+02 0.000000e+00 0.000000e+00 2.050073e+03 6.492092e+02 0.000000e+00 0.000000e+00 0.000000e+00 1.000000e+00 0.000000e+00
P1: 2.052184e+03 0.000000e+00 9.747862e+02 0.000000e+00 0.000000e+00 2.052184e+03 6.490636e+02 0.000000e+00 0.000000e+00 0.000000e+00 1.000000e+00 0.000000e+00
P2: 2.043035e+03 0.000000e+00 9.470301e+02 0.000000e+00 0.000000e+00 2.043035e+03 6.463877e+02 0.000000e+00 0.000000e+00 0.000000e+00 1.000000e+00 0.000000e+00
P3: 2.043662e+03 0.000000e+00 9.787726e+02 0.000000e+00 0.000000e+00 2.043662e+03 2.451763e+02 0.000000e+00 0.000000e+00 0.000000e+00 1.000000e+00 0.000000e+00
P4: 2.045546e+03 0.000000e+00 9.708865e+02 0.000000e+00 0.000000e+00 2.045546e+03 2.485696e+02 0.000000e+00 0.000000e+00 0.000000e+00 1.000000e+00 0.000000e+00
R0_rect: 1.000000e+00 0.000000e+00 0.000000e+00 0.000000e+00 1.000000e+00 0.000000e+00 0.000000e+00 0.000000e+00 1.000000e+00
Tr_velo_to_cam_0: -5.804578e-03 -9.999094e-01 1.214562e-02 -4.168544e-02 -7.405210e-03 -1.210251e-02 -9.998993e-01 2.126152e+00 9.999557e-01 -5.893935e-03 -7.334289e-03 -1.523192e+00
Tr_velo_to_cam_1: 6.972337e-01 -7.168439e-01 5.008179e-05 -9.763663e-01 -1.731765e-02 -1.691374e-02 -9.997070e-01 2.141769e+00 7.166347e-01 6.970285e-01 -2.420688e-02 -1.082856e+00
Tr_velo_to_cam_2: -7.040860e-01 -7.101070e-01 3.305314e-03 9.744015e-01 -3.705404e-03 -9.806501e-04 -9.999927e-01 2.121084e+00 7.101051e-01 -7.040931e-01 -1.940772e-03 -1.120091e+00
Tr_velo_to_cam_3: 9.999263e-01 -1.148621e-02 3.933911e-03 -1.439569e+00 3.634184e-03 -2.599981e-02 -9.996553e-01 2.112037e+00 1.158454e-02 9.995960e-01 -2.595615e-02 -7.276360e-02
Tr_velo_to_cam_4: -9.999710e-01 -9.185747e-04 7.563778e-03 1.411021e+00 -7.567067e-03 3.631971e-03 -9.999648e-01 2.127048e+00 8.910709e-04 -9.999930e-01 -3.638816e-03 -1.051914e-01
