P0: 2.075980e+03 0.000000e+00 9.562969e+02 0.000000e+00 0.000000e+00 2.075980e+03 6.490873e+02 0.000000e+00 0.000000e+00 0.000000e+00 1.000000e+00 0.000000e+00
P1: 2.078096e+03 0.000000e+00 9.960389e+02 0.000000e+00 0.000000e+00 2.078096e+03 6.317236e+02 0.000000e+00 0.000000e+00 0.000000e+00 1.000000e+00 0.000000e+00
P2: 2.075117e+03 0.000000e+00 9.373157e+02 0.000000e+00 0.000000e+00 2.075117e+03 6.539968e+02 0.000000e+00 0.000000e+00 0.000000e+00 1.000000e+00 0.000000e+00
P3: 2.068179e+03 0.000000e+00 9.885636e+02 0.000000e+00 0.000000e+00 2.068179e+03 2.571668e+02 0.000000e+00 0.000000e+00 0.000000e+00 1.000000e+00 0.000000e+00
P4: 2.078052e+03 0.000000e+00 1.011344e+03 0.000000e+00 0.000000e+00 2.078052e+03 2.302834e+02 0.000000e+00 0.000000e+00 0.000000e+00 1.000000e+00 0.000000e+00
R0_rect: 1.000000e+00 0.000000e+00 0.000000e+00 0.000000e+00 1.000000e+00 0.000000e+00 0.000000e+00 0.000000e+00 1.000000e+00
Tr_velo_to_cam_0: 6.002844e-03 -9.999362e-01 9.566653e-03 -5.207076e-02 1.701999e-04 -9.565803e-03 -9.999542e-01 2.115375e+00 9.999820e-01 6.004197e-03 1.127671e-04 -1.544551e+00
Tr_velo_to_cam_1: 7.053350e-01 -7.086291e-01 1.863610e-02 -1.026890e+00 1.567667e-02 -1.069028e-02 -9.998200e-01 2.092661e+00 7.087008e-01 7.055002e-01 3.568717e-03 -1.135137e+00
Tr_velo_to_cam_2: -7.039941e-01 -7.101893e-01 4.841195e-03 9.740800e-01 -3.592809e-03 -3.255219e-03 -9.999882e-01 2.121136e+00 7.101967e-01 -7.040033e-01 -2.599194e-04 -1.129319e+00
Tr_velo_to_cam_3: 9.999492e-01 8.788255e-04 1.003671e-02 -1.452455e+00 1.004614e-02 -1.148213e-02 -9.998836e-01 2.101989e+00 -7.634804e-04 9.999337e-01 -1.149038e-02 -9.016359e-02
Tr_velo_to_cam_4: -9.999613e-01 -2.217674e-03 8.511346e-03 1.412195e+00 -8.508654e-03 -1.220253e-03 -9.999631e-01 2.127997e+00 2.227978e-03 -9.999968e-01 1.201337e-03 -1.217513e-01
