P0: 2.077696e+03 0.000000e+00 9.423970e+02 0.000000e+00 0.000000e+00 2.077696e+03 6.482777e+02 0.000000e+00 0.000000e+00 0.000000e+00 1.000000e+00 0.000000e+00
P1: 2.088012e+03 0.000000e+00 9.913478e+02 0.000000e+00 0.000000e+00 2.088012e+03 6.330732e+02 0.000000e+00 0.000000e+00 0.000000e+00 1.000000e+00 0.000000e+00
P2: 2.071877e+03 0.000000e+00 9.306820e+02 0.000000e+00 0.000000e+00 2.071877e+03 6.583570e+02 0.000000e+00 0.000000e+00 0.000000e+00 1.000000e+00 0.000000e+00
P3: 2.068702e+03 0.000000e+00 9.717494e+02 0.000000e+00 0.000000e+00 2.068702e+03 2.446617e+02 0.000000e+00 0.000000e+00 0.000000e+00 1.000000e+00 0.000000e+00
P4: 2.083413e+03 0.000000e+00 9.843489e+02 0.000000e+00 0.000000e+00 2.083413e+03 2.435805e+02 0.000000e+00 0.000000e+00 0.000000e+00 1.000000e+00 0.000000e+00
R0_rect: 1.000000e+00 0.000000e+00 0.000000e+00 0.000000e+00 1.000000e+00 0.000000e+00 0.000000e+00 0.000000e+00 1.000000e+00
Tr_velo_to_cam_0: -1.550659e-03 -9.999988e-01 1.758444e-04 -2.260579e-02 1.224809e-02 -1.948241e-04 -9.999250e-01 2.097071e+00 9.999238e-01 -1.548389e-03 1.224838e-02 -1.570006e+00
Tr_velo_to_cam_1: 6.959804e-01 -7.180497e-01 3.991720e-03 -9.832661e-01 1.269788e-02 6.749070e-03 -9.998966e-01 2.096084e+00 7.179485e-01 6.959591e-01 1.381493e-02 -1.170459e+00
Tr_velo_to_cam_2: -7.049107e-01 -7.092943e-01 1.568209e-03 9.804476e-01 3.722585e-03 -5.910467e-03 -9.999756e-01 2.109738e+00 7.092863e-01 -7.048877e-01 6.806760e-03 -1.142479e+00
Tr_velo_to_cam_3: 9.999618e-01 -8.034255e-03 3.442232e-03 -1.439991e+00 3.426309e-03 -1.994778e-03 -9.999921e-01 2.110992e+00 8.041059e-03 9.999657e-01 -1.967174e-03 -1.231180e-01
Tr_velo_to_cam_4: -9.998995e-01 1.360755e-02 -3.986884e-03 1.438216e+00 3.931240e-03 -4.113519e-03 -9.999838e-01 2.109520e+00 -1.362373e-02 -9.998990e-01 4.059611e-03 -1.048944e-01
