P0: 2.077261e+03 0.000000e+00 9.562960e+02 0.000000e+00 0.000000e+00 2.077261e+03 6.483098e+02 0.000000e+00 0.000000e+00 0.000000e+00 1.000000e+00 0.000000e+00
P1: 2.092578e+03 0.000000e+00 9.939327e+02 0.000000e+00 0.000000e+00 2.092578e+03 6.227444e+02 0.000000e+00 0.000000e+00 0.000000e+00 1.000000e+00 0.000000e+00
P2: 2.084290e+03 0.000000e+00 9.377811e+02 0.000000e+00 0.000000e+00 2.084290e+03 6.492496e+02 0.000000e+00 0.000000e+00 0.000000e+00 1.000000e+00 0.000000e+00
P3: 2.075564e+03 0.000000e+00 9.940850e+02 0.000000e+00 0.000000e+00 2.075564e+03 2.382664e+02 0.000000e+00 0.000000e+00 0.000000e+00 1.000000e+00 0.000000e+00
P4: 2.084382e+03 0.000000e+00 1.018050e+03 0.000000e+00 0.000000e+00 2.084382e+03 2.406045e+02 0.000000e+00 0.000000e+00 0.000000e+00 1.000000e+00 0.000000e+00
R0_rect: 1.000000e+00 0.000000e+00 0.000000e+00 0.000000e+00 1.000000e+00 0.000000e+00 0.000000e+00 0.000000e+00 1.000000e+00
Tr_velo_to_cam_0: 3.042213e-03 -9.999080e-01 1.322146e-02 -5.570904e-02 -3.194893e-03 -1.323117e-02 -9.999074e-01 2.120273e+00 9.999903e-01 2.999690e-03 -3.234851e-03 -1.537386e+00
Tr_velo_to_cam_1: 7.035433e-01 -7.104978e-01 1.482228e-02 -1.016416e+00 2.108248e-02 1.893475e-05 -9.997777e-01 2.083466e+00 7.103396e-01 7.036994e-01 1.499238e-02 -1.161675e+00
Tr_velo_to_cam_2: -7.032966e-01 -7.108165e-01 1.066424e-02 9.601231e-01 -5.261663e-03 -9.795873e-03 -9.999382e-01 2.122768e+00 7.108771e-01 -7.033092e-01 3.149327e-03 -1.137304e+00
Tr_velo_to_cam_3: 9.999853e-01 -5.268126e-03 1.305273e-03 -1.433804e+00 1.294905e-03 -1.971094e-03 -9.999972e-01 2.113735e+00 5.270684e-03 9.999842e-01 -1.964244e-03 -1.190003e-01
Tr_velo_to_cam_4: -9.999389e-01 2.792439e-03 1.070008e-02 1.407522e+00 -1.071037e-02 -3.698839e-03 -9.999358e-01 2.130713e+00 -2.752682e-03 -9.999893e-01 3.728521e-03 -1.199274e-01
